##############################################################################
# Class:   musicCalPar
# Context: MusicCalParContext
##############################################################################
[musicCalPar]
//----------------------------------------------------------------------------
musicAnodeNumberPar:  Int_t  8 
musicAnodeEFitPar:  Int_t  3 
musicInUsePar:  Int_t \
  1 1 1 1 1 1 1 1 
musicCalEPar:  Float_t \
  0 0 0 0 0 0 0 0 0 0  \
  0 0 0 0 0 0 0 0 0 0  \
  0 0 0 0 
musicPosFitPar:  Int_t  3 
musicPosPar:  Float_t \
  241.009 -0.0121962 0 241.621 -0.012227 0 243.034 -0.012311 0 244.509  \
  -0.0123833 0 246.706 -0.0124902 0 247.346 -0.0125116 0 251.19 -0.0126997  \
  0 254.054 -0.0128355 0 
##############################################################################
##############################################################################
# Class:   twimCalPar
# Context: TwimCalParContext
##############################################################################
[twimCalPar]
//----------------------------------------------------------------------------
twimSectionNumberPar:  Int_t  1 
twimAnodeNumberPar:  Int_t  16 
twimAnodeEFitPar:  Int_t  3 
twimInUsePar:  Int_t \
  1 1 1 1 1 1 1 1 1 1  \
  1 1 1 1 1 1 
twimCalEPar:  Float_t \
  0 0 0 0 0 0 0 0 0 0  \
  0 0 0 0 0 0 0 0 0 0  \
  0 0 0 0 0 0 0 0 0 0  \
  0 0 0 0 0 0 0 0 0 0  \
  0 0 0 0 0 0 0 0 
twimPosFitPar:  Int_t  3 
twimPosPar:  Float_t \
  73.2528 -0.00663437 0 72.5392 -0.00656908 0 72.1316 -0.00654048 0 71.8751  \
  -0.006527 0 71.7323 -0.00653414 0 71.6074 -0.00654318 0 71.457 -0.00654256  \
  0 71.2347 -0.00652996 0 70.7036 -0.00650467 0 70.1385 -0.00648049 0  \
  70.3035 -0.00649968 0 70.0345 -0.0064893 0 69.7472 -0.00647734 0 69.7545  \
  -0.00648871 0 69.6617 -0.00650431 0 69.9698 -0.00655264 0 
##############################################################################
