##############################################################################
# Class:   FairBaseParSet
# Context: DefaultContext
##############################################################################
[FairBaseParSet]
//----------------------------------------------------------------------------
Beam Momentum Gev/c:  Double_t  15 
Random Seed:  UInt_t  ##############################################################################
##############################################################################
# Class:   FairGeoParSet
# Context: DefaultContext
##############################################################################
[FairGeoParSet]
//----------------------------------------------------------------------------
##############################################################################
##############################################################################
# Class:   mwpc0CalPar
# Context: Mwpc0CalParContext
##############################################################################
[mwpc0CalPar]
//----------------------------------------------------------------------------
mwpc0CalPar:  Int_t \
  0 0 0 0 0 0 0 0 0 0  \
  0 0 0 0 0 0 0 0 0 0  \
  0 0 0 0 0 0 0 0 0 0  \
  0 0 0 0 0 0 0 0 0 0  \
  0 0 0 0 0 0 0 0 0 0  \
  0 0 0 0 0 0 0 0 0 0  \
  0 0 0 0 0 0 0 0 0 0  \
  0 0 0 0 0 0 0 0 0 0  \
  0 0 0 0 0 0 0 0 0 0  \
  0 0 0 0 0 0 0 0 0 0  \
  0 0 0 0 0 0 0 0 0 0  \
  0 0 0 0 0 0 0 0 0 0  \
  0 0 0 0 0 0 0 0 0 0  \
  0 0 0 0 0 0 0 0 0 0  \
  0 0 0 0 0 0 0 0 0 0  \
  0 0 0 0 0 0 0 0 0 0  \
  0 0 0 0 0 0 0 0 0 0  \
  0 0 0 0 0 0 0 0 0 0  \
  0 0 0 0 0 0 0 0 0 0  \
  0 0 0 0 0 0 0 0 0 0  \
  0 0 0 0 0 0 0 0 0 0  \
  0 0 0 0 0 0 0 0 0 0  \
  0 0 0 0 0 0 0 0 0 0  \
  0 0 0 0 0 0 0 0 0 0  \
  0 0 0 0 0 0 0 0 0 0  \
  0 0 0 0 0 0 
mwpc0PadXNumberPar:  Int_t  64 
mwpc0PadYNumberPar:  Int_t  64 
mwpc0ParamsFitPar:  Int_t  2 
##############################################################################
##############################################################################
# Class:   musicCalPar
# Context: MusicCalParContext
##############################################################################
[musicCalPar]
//----------------------------------------------------------------------------
musicAnodeNumberPar:  Int_t  8 
musicAnodeEFitPar:  Int_t  3 
musicInUsePar:  Int_t \
  1 1 1 1 1 1 1 1 
musicCalEPar:  Float_t \
  0 0 0 0 0 0 0 0 0 0  \
  0 0 0 0 0 0 0 0 0 0  \
  0 0 0 0 
musicPosFitPar:  Int_t  2 
musicPosPar:  Float_t \
  -105.878 0.00556099 -99.41 0.00518274 -99.4374 0.00517171 -99.4374 0.00517171 -100.362 0.00518817  \
  -100.693 0.00518672 -103.411 0.00532026 -103.411 0.00532026 
##############################################################################
##############################################################################
# Class:   musicHitPar
# Context: MusicHitParContext
##############################################################################
[musicHitPar]
//----------------------------------------------------------------------------
musicAnodeNumberPar:  Int_t  8 
musicInUsePar:  Int_t \
  1 1 1 1 1 1 1 1 
musicAnodePosPar:  Float_t \
  -175 -125 -75 -25 25 75 125 175 
musicZHitParamsFitPar:  Int_t  3 
musicZHitPar:  Float_t \
  0.312 0.398 0.000132 
##############################################################################
##############################################################################
# Class:   mwpc1CalPar
# Context: Mwpc1CalParContext
##############################################################################
[mwpc1CalPar]
//----------------------------------------------------------------------------
mwpc1CalPar:  Int_t \
  0 0 0 0 0 0 0 0 0 0  \
  0 0 0 0 0 0 0 0 0 0  \
  0 0 0 0 0 0 0 0 0 0  \
  0 0 0 0 0 0 0 0 0 0  \
  0 0 0 0 0 0 0 0 0 0  \
  0 0 0 0 0 0 0 0 0 0  \
  0 0 0 0 0 0 0 0 0 0  \
  0 0 0 0 0 0 0 0 0 0  \
  0 0 0 0 0 0 0 0 0 0  \
  0 0 0 0 0 0 0 0 0 0  \
  0 0 0 0 0 0 0 0 0 0  \
  0 0 0 0 0 0 0 0 0 0  \
  0 0 0 0 0 0 0 0 0 0  \
  0 0 0 0 0 0 0 0 0 0  \
  0 0 0 0 0 0 0 0 0 0  \
  0 0 0 0 0 0 0 0 0 0  \
  0 0 0 0 0 0 0 0 0 0  \
  0 0 0 0 0 0 0 0 0 0  \
  0 0 0 0 0 0 0 0 0 0  \
  0 0 0 0 0 0 0 0 0 0  \
  0 0 0 0 0 0 0 0 0 0  \
  0 0 0 0 0 0 0 0 0 0  \
  0 0 0 0 0 0 0 0 0 0  \
  0 0 0 0 0 0 0 0 0 0  \
  0 0 0 0 0 0 0 0 0 0  \
  0 0 0 0 0 0 0 0 0 0  \
  0 0 0 0 0 0 0 0 0 0  \
  0 0 0 0 0 0 0 0 0 0  \
  0 0 0 0 0 0 0 0 0 0  \
  0 0 0 0 0 0 0 0 0 0  \
  0 0 0 0 0 0 0 0 0 0  \
  0 0 0 0 0 0 0 0 0 0  \
  0 0 0 0 0 0 0 0 0 0  \
  0 0 0 0 0 0 
mwpc1PadXNumberPar:  Int_t  128 
mwpc1PadYNumberPar:  Int_t  40 
mwpc1ParamsFitPar:  Int_t  2 
##############################################################################
##############################################################################
# Class:   twimCalPar
# Context: TwimCalParContext
##############################################################################
[twimCalPar]
//----------------------------------------------------------------------------
twimSectionNumberPar:  Int_t  1 
twimAnodeNumberPar:  Int_t  16 
twimAnodeEFitPar:  Int_t  3 
twimInUsePar:  Int_t \
  1 1 1 1 1 1 1 1 1 1  \
  1 1 1 1 1 1 
twimCalEPar:  Float_t \
  0 0 0 0 0 0 0 0 0 0  \
  0 0 0 0 0 0 0 0 0 0  \
  0 0 0 0 0 0 0 0 0 0  \
  0 0 0 0 0 0 0 0 0 0  \
  0 0 0 0 0 0 0 0 
twimPosFitPar:  Int_t  2 
twimPosPar:  Float_t \
  65.638 -0.0052942 65.29 -0.00526287 65.156 -0.00525545 65.1056 -0.00525592 65.0589 -0.00526482  \
  65.2414 -0.00529069 65.1735 -0.0052926 65.1269 -0.00529178 65.0721 -0.00529825 64.7821 -0.00528933  \
  62.5209 -0.00511706 63.2627 -0.00518063 63.7853 -0.00522719 63.2748 -0.00519385 63.5324 -0.00522809  \
  63.5769 -0.00524438 
##############################################################################
##############################################################################
# Class:   twimHitPar
# Context: TwimHitParContext
##############################################################################
[twimHitPar]
//----------------------------------------------------------------------------
twimHitNumSecPar:  Int_t  1 
twimAnodeNumberPar:  Int_t  16 
twinInUsePar:  Int_t \
  1 1 1 1 1 1 1 1 1 1  \
  1 1 1 1 1 1 
twimAnodePosPar:  Float_t \
  -187.5 -162.5 -137.5 -112.5 -87.5 -62.5 -37.5 -12.5 12.5 37.5  \
  62.5 87.5 112.5 137.5 162.5 187.5 
twimZHitParamsFitPar:  Int_t  3 
twimZHitPar:  Float_t \
  0.181 0.394357 0.000187 
##############################################################################
##############################################################################
# Class:   mwpc2CalPar
# Context: Mwpc2CalParContext
##############################################################################
[mwpc2CalPar]
//----------------------------------------------------------------------------
mwpc2CalPar:  Int_t \
  0 0 0 0 0 0 0 0 0 0  \
  0 0 0 0 0 0 0 0 0 0  \
  0 0 0 0 0 0 0 0 0 0  \
  0 0 0 0 0 0 0 0 0 0  \
  0 0 0 0 0 0 0 0 0 0  \
  0 0 0 0 0 0 0 0 0 0  \
  0 0 0 0 0 0 0 0 0 0  \
  0 0 0 0 0 0 0 0 0 0  \
  0 0 0 0 0 0 0 0 0 0  \
  0 0 0 0 0 0 0 0 0 0  \
  0 0 0 0 0 0 0 0 0 0  \
  0 0 0 0 0 0 0 0 0 0  \
  0 0 0 0 0 0 0 0 0 0  \
  0 0 0 0 0 0 0 0 0 0  \
  0 0 0 0 0 0 0 0 0 0  \
  0 0 0 0 0 0 0 0 0 0  \
  0 0 0 0 0 0 0 0 0 0  \
  0 0 0 0 0 0 0 0 0 0  \
  0 0 0 0 0 0 0 0 0 0  \
  0 0 0 0 0 0 0 0 0 0  \
  0 0 0 0 0 0 0 0 0 0  \
  0 0 0 0 0 0 0 0 0 0  \
  0 0 0 0 0 0 0 0 0 0  \
  0 0 0 0 0 0 0 0 0 0  \
  0 0 0 0 0 0 0 0 0 0  \
  0 0 0 0 0 0 0 0 0 0  \
  0 0 0 0 0 0 0 0 0 0  \
  0 0 0 0 0 0 0 0 0 0  \
  0 0 0 0 0 0 0 0 0 0  \
  0 0 0 0 0 0 0 0 0 0  \
  0 0 0 0 0 0 0 0 0 0  \
  0 0 0 0 0 0 0 0 0 0  \
  0 0 0 0 0 0 0 0 0 0  \
  0 0 0 0 0 0 
mwpc2PadXNumberPar:  Int_t  128 
mwpc2PadYNumberPar:  Int_t  40 
mwpc2ParamsFitPar:  Int_t  2 
##############################################################################
##############################################################################
# Class:   mwpc0CalPar
# Context: Mwpc0CalParContext
##############################################################################
[mwpc0CalPar]
//----------------------------------------------------------------------------
mwpc0CalPar:  Int_t \
  0 0 0 0 0 0 0 0 0 0  \
  0 0 0 0 0 0 0 0 0 0  \
  0 0 0 0 0 0 0 0 0 0  \
  0 0 0 0 0 0 0 0 0 0  \
  0 0 0 0 0 0 0 0 0 0  \
  0 0 0 0 0 0 0 0 0 0  \
  0 0 0 0 0 0 0 0 0 0  \
  0 0 0 0 0 0 0 0 0 0  \
  0 0 0 0 0 0 0 0 0 0  \
  0 0 0 0 0 0 0 0 0 0  \
  0 0 0 0 0 0 0 0 0 0  \
  0 0 0 0 0 0 0 0 0 0  \
  0 0 0 0 0 0 0 0 0 0  \
  0 0 0 0 0 0 0 0 0 0  \
  0 0 0 0 0 0 0 0 0 0  \
  0 0 0 0 0 0 0 0 0 0  \
  0 0 0 0 0 0 0 0 0 0  \
  0 0 0 0 0 0 0 0 0 0  \
  0 0 0 0 0 0 0 0 0 0  \
  0 0 0 0 0 0 0 0 0 0  \
  0 0 0 0 0 0 0 0 0 0  \
  0 0 0 0 0 0 0 0 0 0  \
  0 0 0 0 0 0 0 0 0 0  \
  0 0 0 0 0 0 0 0 0 0  \
  0 0 0 0 0 0 0 0 0 0  \
  0 0 0 0 0 0 
mwpc0PadXNumberPar:  Int_t  64 
mwpc0PadYNumberPar:  Int_t  64 
mwpc0ParamsFitPar:  Int_t  2 
##############################################################################
##############################################################################
# Class:   musicCalPar
# Context: MusicCalParContext
##############################################################################
[musicCalPar]
//----------------------------------------------------------------------------
musicAnodeNumberPar:  Int_t  8 
musicAnodeEFitPar:  Int_t  3 
musicInUsePar:  Int_t \
  1 1 1 1 1 1 1 1 
musicCalEPar:  Float_t \
  0 0 0 0 0 0 0 0 0 0  \
  0 0 0 0 0 0 0 0 0 0  \
  0 0 0 0 
musicPosFitPar:  Int_t  3 
musicPosPar:  Float_t \
  241.009 -0.0121962 0 241.621 -0.012227 0 243.034 -0.012311 0 244.509  \
  -0.0123833 0 246.706 -0.0124902 0 247.346 -0.0125116 0 251.19 -0.0126997  \
  0 254.054 -0.0128355 0 
##############################################################################
##############################################################################
# Class:   musicHitPar
# Context: MusicHitParContext
##############################################################################
[musicHitPar]
//----------------------------------------------------------------------------
musicAnodeNumberPar:  Int_t  8 
musicInUsePar:  Int_t \
  1 1 1 1 1 1 1 1 
musicAnodePosPar:  Float_t \
  -175 -125 -75 -25 25 75 125 175 
musicZHitParamsFitPar:  Int_t  3 
musicZHitPar:  Float_t \
  0.312 0.398 0.000132 
##############################################################################
##############################################################################
# Class:   mwpc1CalPar
# Context: Mwpc1CalParContext
##############################################################################
[mwpc1CalPar]
//----------------------------------------------------------------------------
mwpc1CalPar:  Int_t \
  0 0 0 0 0 0 0 0 0 0  \
  0 0 0 0 0 0 0 0 0 0  \
  0 0 0 0 0 0 0 0 0 0  \
  0 0 0 0 0 0 0 0 0 0  \
  0 0 0 0 0 0 0 0 0 0  \
  0 0 0 0 0 0 0 0 0 0  \
  0 0 0 0 0 0 0 0 0 0  \
  0 0 0 0 0 0 0 0 0 0  \
  0 0 0 0 0 0 0 0 0 0  \
  0 0 0 0 0 0 0 0 0 0  \
  0 0 0 0 0 0 0 0 0 0  \
  0 0 0 0 0 0 0 0 0 0  \
  0 0 0 0 0 0 0 0 0 0  \
  0 0 0 0 0 0 0 0 0 0  \
  0 0 0 0 0 0 0 0 0 0  \
  0 0 0 0 0 0 0 0 0 0  \
  0 0 0 0 0 0 0 0 0 0  \
  0 0 0 0 0 0 0 0 0 0  \
  0 0 0 0 0 0 0 0 0 0  \
  0 0 0 0 0 0 0 0 0 0  \
  0 0 0 0 0 0 0 0 0 0  \
  0 0 0 0 0 0 0 0 0 0  \
  0 0 0 0 0 0 0 0 0 0  \
  0 0 0 0 0 0 0 0 0 0  \
  0 0 0 0 0 0 0 0 0 0  \
  0 0 0 0 0 0 0 0 0 0  \
  0 0 0 0 0 0 0 0 0 0  \
  0 0 0 0 0 0 0 0 0 0  \
  0 0 0 0 0 0 0 0 0 0  \
  0 0 0 0 0 0 0 0 0 0  \
  0 0 0 0 0 0 0 0 0 0  \
  0 0 0 0 0 0 0 0 0 0  \
  0 0 0 0 0 0 0 0 0 0  \
  0 0 0 0 0 0 
mwpc1PadXNumberPar:  Int_t  128 
mwpc1PadYNumberPar:  Int_t  40 
mwpc1ParamsFitPar:  Int_t  2 
##############################################################################
##############################################################################
# Class:   twimCalPar
# Context: TwimCalParContext
##############################################################################
[twimCalPar]
//----------------------------------------------------------------------------
twimSectionNumberPar:  Int_t  1 
twimAnodeNumberPar:  Int_t  16 
twimAnodeEFitPar:  Int_t  3 
twimInUsePar:  Int_t \
  1 1 1 1 1 1 1 1 1 1  \
  1 1 1 1 1 1 
twimCalEPar:  Float_t \
  0 0 0 0 0 0 0 0 0 0  \
  0 0 0 0 0 0 0 0 0 0  \
  0 0 0 0 0 0 0 0 0 0  \
  0 0 0 0 0 0 0 0 0 0  \
  0 0 0 0 0 0 0 0 
twimPosFitPar:  Int_t  3 
twimPosPar:  Float_t \
  73.2528 -0.00663437 0 72.5392 -0.00656908 0 72.1316 -0.00654048 0 71.8751  \
  -0.006527 0 71.7323 -0.00653414 0 71.6074 -0.00654318 0 71.457 -0.00654256  \
  0 71.2347 -0.00652996 0 70.7036 -0.00650467 0 70.1385 -0.00648049 0  \
  70.3035 -0.00649968 0 70.0345 -0.0064893 0 69.7472 -0.00647734 0 69.7545  \
  -0.00648871 0 69.6617 -0.00650431 0 69.9698 -0.00655264 0 
##############################################################################
##############################################################################
# Class:   twimHitPar
# Context: TwimHitParContext
##############################################################################
[twimHitPar]
//----------------------------------------------------------------------------
twimHitNumSecPar:  Int_t  1 
twimAnodeNumberPar:  Int_t  16 
twinInUsePar:  Int_t \
  1 1 1 1 1 1 1 1 1 1  \
  1 1 1 1 1 1 
twimAnodePosPar:  Float_t \
  -187.5 -162.5 -137.5 -112.5 -87.5 -62.5 -37.5 -12.5 12.5 37.5  \
  62.5 87.5 112.5 137.5 162.5 187.5 
twimZHitParamsFitPar:  Int_t  3 
twimZHitPar:  Float_t \
  0.181 0.394357 0.000187 
##############################################################################
##############################################################################
# Class:   mwpc2CalPar
# Context: Mwpc2CalParContext
##############################################################################
[mwpc2CalPar]
//----------------------------------------------------------------------------
mwpc2CalPar:  Int_t \
  0 0 0 0 0 0 0 0 0 0  \
  0 0 0 0 0 0 0 0 0 0  \
  0 0 0 0 0 0 0 0 0 0  \
  0 0 0 0 0 0 0 0 0 0  \
  0 0 0 0 0 0 0 0 0 0  \
  0 0 0 0 0 0 0 0 0 0  \
  0 0 0 0 0 0 0 0 0 0  \
  0 0 0 0 0 0 0 0 0 0  \
  0 0 0 0 0 0 0 0 0 0  \
  0 0 0 0 0 0 0 0 0 0  \
  0 0 0 0 0 0 0 0 0 0  \
  0 0 0 0 0 0 0 0 0 0  \
  0 0 0 0 0 0 0 0 0 0  \
  0 0 0 0 0 0 0 0 0 0  \
  0 0 0 0 0 0 0 0 0 0  \
  0 0 0 0 0 0 0 0 0 0  \
  0 0 0 0 0 0 0 0 0 0  \
  0 0 0 0 0 0 0 0 0 0  \
  0 0 0 0 0 0 0 0 0 0  \
  0 0 0 0 0 0 0 0 0 0  \
  0 0 0 0 0 0 0 0 0 0  \
  0 0 0 0 0 0 0 0 0 0  \
  0 0 0 0 0 0 0 0 0 0  \
  0 0 0 0 0 0 0 0 0 0  \
  0 0 0 0 0 0 0 0 0 0  \
  0 0 0 0 0 0 0 0 0 0  \
  0 0 0 0 0 0 0 0 0 0  \
  0 0 0 0 0 0 0 0 0 0  \
  0 0 0 0 0 0 0 0 0 0  \
  0 0 0 0 0 0 0 0 0 0  \
  0 0 0 0 0 0 0 0 0 0  \
  0 0 0 0 0 0 0 0 0 0  \
  0 0 0 0 0 0 0 0 0 0  \
  0 0 0 0 0 0 
mwpc2PadXNumberPar:  Int_t  128 
mwpc2PadYNumberPar:  Int_t  40 
mwpc2ParamsFitPar:  Int_t  2 
