##############################################################################
# Class:   musicCalPar
# Context: MusicCalParContext
##############################################################################
[musicCalPar]
//----------------------------------------------------------------------------
musicAnodeNumberPar:  Int_t  8 
musicAnodeEFitPar:  Int_t  3 
musicInUsePar:  Int_t \
  1 1 1 1 1 1 1 1 
musicCalEPar:  Float_t \
  0 0 0 0 0 0 0 0 0 0  \
  0 0 0 0 0 0 0 0 0 0  \
  0 0 0 0 
musicPosFitPar:  Int_t  3 
musicPosPar:  Float_t \
  222.883 -0.0113117 0 223.076 -0.0113246 0 224.003 -0.0113812 0 225.262  \
  -0.0114412 0 226.5 -0.0115036 0 228.154 -0.0115808 0 229.853 -0.0116607  \
  0 231.8 -0.011752 0 
##############################################################################
##############################################################################
# Class:   twimCalPar
# Context: TwimCalParContext
##############################################################################
[twimCalPar]
//----------------------------------------------------------------------------
twimSectionNumberPar:  Int_t  1 
twimAnodeNumberPar:  Int_t  16 
twimAnodeEFitPar:  Int_t  3 
twimInUsePar:  Int_t \
  1 1 1 1 1 1 1 1 1 1  \
  1 1 1 1 1 1 
twimCalEPar:  Float_t \
  0 0 0 0 0 0 0 0 0 0  \
  0 0 0 0 0 0 0 0 0 0  \
  0 0 0 0 0 0 0 0 0 0  \
  0 0 0 0 0 0 0 0 0 0  \
  0 0 0 0 0 0 0 0 
twimPosFitPar:  Int_t  3 
twimPosPar:  Float_t \
  71.4913 -0.00649849 0 70.8936 -0.00644369 0 70.5041 -0.00641595 0 70.2266  \
  -0.00640024 0 70.006 -0.00640077 0 69.8187 -0.00640386 0 69.7261 -0.00640805  \
  0 69.5363 -0.00639783 0 69.134 -0.00638402 0 68.7864 -0.00637566 0  \
  68.8294 -0.00638366 0 68.682 -0.00638315 0 68.2322 -0.0063563 0 68.074  \
  -0.00635371 0 67.9318 -0.00636433 0 68.1142 -0.00640075 0 
##############################################################################
