##############################################################################
# Class:   musicCalPar
# Context: MusicCalParContext
##############################################################################
[musicCalPar]
//----------------------------------------------------------------------------
musicAnodeNumberPar:  Int_t  8 
musicAnodeEFitPar:  Int_t  3 
musicInUsePar:  Int_t \
  1 1 1 1 1 1 1 1 
musicCalEPar:  Float_t \
  0 0 0 0 0 0 0 0 0 0  \
  0 0 0 0 0 0 0 0 0 0  \
  0 0 0 0 
musicPosFitPar:  Int_t  3 
musicPosPar:  Float_t \
  238.299 -0.0113743 0. 238.165 -0.011328 0. 240.081 -0.0114604 0. 240.861  \
  -0.0114579 0. 242.937 -0.0115488 0. 242.844 -0.0115345 0. 247.383 -0.0117494  \
  0. 250.383 -0.011928 0. 
##############################################################################
##############################################################################
# Class:   twimCalPar
# Context: TwimCalParContext
##############################################################################
[twimCalPar]
//----------------------------------------------------------------------------
twimSectionNumberPar:  Int_t  1 
twimAnodeNumberPar:  Int_t  16 
twimAnodeEFitPar:  Int_t  3 
twimInUsePar:  Int_t \
  1 1 1 1 1 1 1 1 1 1  \
  1 1 1 1 1 1 
twimCalEPar:  Float_t \
  0 0 0 0 0 0 0 0 0 0  \
  0 0 0 0 0 0 0 0 0 0  \
  0 0 0 0 0 0 0 0 0 0  \
  0 0 0 0 0 0 0 0 0 0  \
  0 0 0 0 0 0 0 0 
twimPosFitPar:  Int_t  3 
twimPosPar:  Float_t \
  74.9976 -0.00671597 0. 74.2563 -0.00664897 0. 73.5809 -0.0066071 0. 73.4733  \
  -0.00660018 0. 73.5054 -0.00661561 0. 73.2341 -0.00661774 0. 72.9377 -0.00660998  \
  0. 73.0876 -0.00661391 0. 72.0793 -0.00656639 0. 70.8642 -0.00651276 0.  \
  71.7562 -0.00656425 0. 71.5536 -0.00655754 0. 71.18 -0.00654085 0. 71.3672  \
  -0.00656111 0. 71.4972 -0.00658679 0. 71.6497 -0.0066284 0. 
##############################################################################