##############################################################################
# Class:   musicCalPar
# Context: MusicCalParContext
##############################################################################
[musicCalPar]
//----------------------------------------------------------------------------
musicAnodeNumberPar:  Int_t  8 
musicAnodeEFitPar:  Int_t  3 
musicInUsePar:  Int_t \
  1 1 1 1 1 1 1 1 
musicCalEPar:  Float_t \
  0 0 0 0 0 0 0 0 0 0  \
  0 0 0 0 0 0 0 0 0 0  \
  0 0 0 0 
musicPosFitPar:  Int_t  3 
musicPosPar:  Float_t \
  238.299 -0.0113743 -0.00322891 238.165 -0.011328 -0.00322901 240.081 -0.0114604 -0.00339453 240.861  \
  -0.0114579 -0.00349042 242.937 -0.0115488 -0.00359003 242.844 -0.0115345 -0.00361618 247.383 -0.0117494  \
  -0.00369423 250.383 -0.011928 -0.00373414 
##############################################################################
##############################################################################
# Class:   twimCalPar
# Context: TwimCalParContext
##############################################################################
[twimCalPar]
//----------------------------------------------------------------------------
twimSectionNumberPar:  Int_t  1 
twimAnodeNumberPar:  Int_t  16 
twimAnodeEFitPar:  Int_t  3 
twimInUsePar:  Int_t \
  1 1 1 1 1 1 1 1 1 1  \
  1 1 1 1 1 1 
twimCalEPar:  Float_t \
  0 0 0 0 0 0 0 0 0 0  \
  0 0 0 0 0 0 0 0 0 0  \
  0 0 0 0 0 0 0 0 0 0  \
  0 0 0 0 0 0 0 0 0 0  \
  0 0 0 0 0 0 0 0 
twimPosFitPar:  Int_t  3 
twimPosPar:  Float_t \
  74.9976 -0.00671597 -0.000201166 74.2563 -0.00664897 -0.000197174 73.5809 -0.0066071 -0.000167335 73.4733  \
  -0.00660018 -0.00018777 73.5054 -0.00661561 -0.000203727 73.2341 -0.00661774 -0.00019223 72.9377 -0.00660998  \
  -0.000175236 73.0876 -0.00661391 -0.000215865 72.0793 -0.00656639 -0.000163375 70.8642 -0.00651276 -8.93644e-05  \
  71.7562 -0.00656425 -0.00017967 71.5536 -0.00655754 -0.00018986 71.18 -0.00654085 -0.000184014 71.3672  \
  -0.00656111 -0.000204549 71.4972 -0.00658679 -0.000235131 71.6497 -0.0066284 -0.000216442 
##############################################################################