##############################################################################
# Class:   FairBaseParSet
# Context: DefaultContext
##############################################################################
[FairBaseParSet]
//----------------------------------------------------------------------------
Beam Momentum Gev/c:  Double_t  15 
Random Seed:  UInt_t  ##############################################################################
##############################################################################
# Class:   FairGeoParSet
# Context: DefaultContext
##############################################################################
[FairGeoParSet]
//----------------------------------------------------------------------------
##############################################################################
##############################################################################
# Class:   SofSciTcalPar
# Context: SofTcalParContext
##############################################################################
[SofSciTcalPar]
//----------------------------------------------------------------------------
TcalPar:  Float_t \
  0 0 0 0 0 0 0 0 0 0  \
  0 0 0 0 0 0 0 0 0 0  \
  0 0 0 0 0 0 0 0 0 0  \
  0 0 0 0 0 0 0 0 0 0  \
  0 0 0 0 0 0 0 0 0 0  \
  0 0 0 0 0 0 0 0 0 0  \
  0 0 0 0 0 0 0 0 0 0  \
  0 0 0 0 0 0 0 0 0 0  \
  0 0 0 0 0 0 0 0 0 0  \
  0 0 0 0 0 0 0 0 0 0  \
  0 0 0 0 0 0 0 0 0 0  \
  0 0 0 0 0 0 0 0 0 0  \
  0 0 0 0 0 0 0 0 0 0  \
  0 0 0 0 0 0 0 0 0 0  \
  0 0 0 0 0 0 0 0 0 0  \
  0 0 0 0 0 0 0 0 0 0  \
  0 0 0 0 0 0 0 0 0 0  \
  0 0 0 0 0 0 0 0 0 0  \
  0 0 0 0 0 0 0 0 0 0  \
  0 0 0 0 0 0 0 0 0 0  \
  0 0 0 0 0 0 0 0 0 0  \
  0 0 0 0 0 0 0 0 0 0  \
  0 0 0 0 0 0 0 0 0 0  \
  0 0 0 0 0 0 0 0 0 0  \
  0 0 0 0 0 0 0 0 0 0  \
  0 0 0 0 0 0 0 0 0 0  \
  0 0 0 0 0 0 0 0 0 0  \
  0 0 0 0 0 0 0 0 0 0  \
  0 0 0 0 0 0 0 0 0 0  \
  0 0 0 0 0 0 0 0 0 0  \
  0 0 0 0 0 0 0 0 0 0  \
  0 0 0 0 0 0 0 0 0 0  \
  0 0 0 0 0 0 0 0 0 0  \
  0 0 0 0 0 0 0 0 0 0  \
  0 0 0 0 0 0 0 0 0 0  \
  0 0 0 0 0 0 0 0 0 0  \
  0 0 0 0 0 0 0 0 0 0  \
  0 0 0 0 0 0 0 0 0 0  \
  0 0 0 0 0 0 0 0 0 0  \
  0 0 0 0 0 0 0 0 0 0  \
  0 0 0 0 0 0 0 0 0 0  \
  0 0 0 0 0 0 0 0 0 0  \
  0 0 0 0 0 0 0 0 0 0  \
  0 0 0 0 0 0 0 0 0 0  \
  0 0 0 0 0 0 0 0 0 0  \
  0 0 0 0 0 0 0 0 0 0  \
  0 0 0 0 0 0 0 0 0 0  \
  0 0 0 0 0 0 0 0 0 0  \
  0 0 0 0 0 0 0 0 0 0  \
  0 0 0 0 0 0 0 0 0 0  \
  0 0 0 0 0 0 0 0 0 0  \
  0 0 0 0 0 0 0 0 0 0  \
  0 0 0 0 0 0 0 0 0 0  \
  0 0 0 0 0 0 0 0 0 0  \
  0 0 0 0 0 0 0 0 0 0  \
  0 0 0 0 0 0 0 0 0 0  \
  0 0 0 0 0 0 0 0 0 0  \
  0 0 0 0 0 0 0 0 0 0  \
  0 0 0 0 0 0 0 0 0 0  \
  0 0 0 0 0 0 0 0 0 0  \
  0 0 0 0 0 0 0 0 0 0  \
  0 0 0 0 0 0 0 0 0 0  \
  0 0 0 0 0 0 0 0 0 0  \
  0 0 0 0 0 0 0 0 0 0  \
  0 0 0 0 0 0 0 0 0 0  \
  0 0 0 0 0 0 0 0 0 0  \
  0 0 0 0 0 0 0 0 0 0  \
  0 0 0 0 0 0 0 0 0 0  \
  0 0 0 0 0 0 0 0 0 0  \
  0 0 0 0 0 0 0 0 0 0  \
  0 0 0 0 0 0 0 0 0 0  \
  0 0 0 0 0 0 0 0 0 0  \
  0 0 0 0 0 0 0 0 0 0  \
  0 0 0 0 0 0 0 0 0 0  \
  0 0 0 0 0 0 0 0 0 0  \
  0 0 0 0 0 0 0 0 0 0  \
  0 0 0 0 0 0 0 0 0 0  \
  0 0 0 0 0 0 0 0 0 0  \
  0 0 0 0 0 0 0 0 0 0  \
  0 0 0 0 0 0 0 0 0 0  \
  0 0 0 0 0 0 0 0 0 0  \
  0 0 0 0 0 0 0 0 0 0  \
  0 0 0 0 0 0 0 0 0 0  \
  0 0 0 0 0 0 0 0 0 0  \
  0 0 0 0 0 0 0 0 0 0  \
  0 0 0 0 0 0 0 0 0 0  \
  0 0 0 0 0 0 0 0 0 0  \
  0 0 0 0 0 0 0 0 0 0  \
  0 0 0 0 0 0 0 0 0 0  \
  0 0 0 0 0 0 0 0 0 0  \
  0 0 0 0 0 0 0 0 0 0  \
  0 0 0 0 0 0 0 0 0 0  \
  0 0 0 0 0 0 0 0 0 0  \
  0 0 0 0 0 0 0 0 0 0  \
  0 0 0 0 0 0 0 0 0 0  \
  0 0 0 0 0 0 0 0 0 0  \
  0 0 0 0 0 0 0 0 0 0  \
  0 0 0 0 0 0 0 0 0 0  \
  0 0 0 0 0 0 0 0 0 0  \
  0 0 0 0 0 0 0 0 0 0  \
  0 0 0 0 0 0 0 0 0 0  \
  0 0 0 0 0 0 0 0 0 0  \
  0 0 0 0 0 0 0 0 0 0  \
  0 0 0 0 0 0 0 0 0 0  \
  0 0 0 0 0 0 0 0 0 0  \
  0 0 0 0 0 0 0 0 0 0  \
  0 0 0 0 0 0 0 0 0 0  \
  0 0 0 0 0 0 0 0 0 0  \
  0 0 0 0 0 0 0 0 0 0  \
  0 0 0 0 0 0 0 0 0 0  \
  0 0 0 0 0 0 0 0 0 0  \
  0 0 0 0 0 0 0 0 0 0  \
  0 0 0 0 0 0 0 0 0 0  \
  0 0 0 0 0 0 0 0 0 0  \
  0 0 0 0 0 0 0 0 0 0  \
  0 0 0 0 0 0 0 0 0 0  \
  0 0 0 0 0 0 0 0 0 0  \
  0 0 0 0 0 0 0 0 0 0  \
  0 0 0 0 0 0 0 0 0 0  \
  0 0 0 0 0 0 0 0 0 0  \
  0 0 0 0 0 0 0 0 0 0  \
  0 0 0 0 0 0 0 0 0 0  \
  0 0 0 0 0 0 0 0 0 0  \
  0 0 0 0 0 0 0 0 0 0  \
  0 0 0 0 0 0 0 0 0 0  \
  0 0 0 0 0 0 0 0 0 0  \
  0 0 0 0 0 0 0 0 0 0  \
  0 0 0 0 0 0 0 0 0 0  \
  0 0 0 0 0 0 0 0 0 0  \
  0 0 0 0 0 0 0 0 0 0  \
  0 0 0 0 0 0 0 0 0 0  \
  0 0 0 0 0 0 0 0 0 0  \
  0 0 0 0 0 0 0 0 0 0  \
  0 0 0 0 0 0 0 0 0 0  \
  0 0 0 0 0 0 0 0 0 0  \
  0 0 0 0 0 0 0 0 0 0  \
  0 0 0 0 0 0 0 0 0 0  \
  0 0 0 0 0 0 0 0 0 0  \
  0 0 0 0 0 0 0 0 0 0  \
  0 0 0 0 0 0 0 0 0 0  \
  0 0 0 0 0 0 0 0 0 0  \
  0 0 0 0 0 0 0 0 0 0  \
  0 0 0 0 0 0 0 0 0 0  \
  0 0 0 0 0 0 0 0 0 0  \
  0 0 0 0 0 0 0 0 0 0  \
  0 0 0 0 0 0 0 0 0 0  \
  0 0 0 0 0 0 0 0 0 0  \
  0 0 0 0 0 0 0 0 0 0  \
  0 0 0 0 0 0 0 0 0 0  \
  0 0 0 0 0 0 0 0 0 0  \
  0 0 0 0 0 0 0 0 0 0  \
  0 0 0 0 0 0 0 0 0 0  \
  0 0 0 0 0 0 0 0 0 0  \
  0 0 0 0 0 0 0 0 0 0  \
  0 0 0 0 0 0 0 0 0 0  \
  0 0 0 0 0 0 0 0 0 0  \
  0 0 0 0 0 0 0 0 0 0  \
  0 0 0 0 0 0 0 0 0 0  \
  0 0 0 0 0 0 0 0 0 0  \
  0 0 0 0 0 0 0 0 0 0  \
  0 0 0 0 0 0 0 0 0 0  \
  0 0 0 0 0 0 0 0 0 0  \
  0 0 0 0 0 0 0 0 0 0  \
  0 0 0 0 0 0 0 0 0 0  \
  0 0 0 0 0 0 0 0 0 0  \
  0 0 0 0 0 0 0 0 0 0  \
  0 0 0 0 0 0 0 0 0 0  \
  0 0 0 0 0 0 0 0 0 0  \
  0 0 0 0 0 0 0 0 0 0  \
  0 0 0 0 0 0 0 0 0 0  \
  0 0 0 0 0 0 0 0 0 0  \
  0 0 0 0 0 0 0 0 0 0  \
  0 0 0 0 0 0 0 0 0 0  \
  0 0 0 0 0 0 0 0 0 0  \
  0 0 0 0 0 0 0 0 0 0  \
  0 0 0 0 0 0 0 0 0 0  \
  0 0 0 0 0 0 0 0 0 0  \
  0 0 0 0 0 0 0 0 0 0  \
  0 0 0 0 0 0 0 0 0 0  \
  0 0 0 0 0 0 0 0 0 0  \
  0 0 0 0 0 0 0 0 0 0  \
  0 0 0 0 0 0 0 0 0 0  \
  0 0 0 0 0 0 0 0 0 0  \
  0 0 0 0 0 0 0 0 0 0  \
  0 0 0 0 0 0 0 0 0 0  \
  0 0 0 0 0 0 0 0 0 0  \
  0 0 0 0 0 0 0 0 0 0  \
  0 0 0 0 0 0 0 0 0 0  \
  0 0 0 0 0 0 0 0 0 0  \
  0 0 0 0 0 0 0 0 0 0  \
  0 0 0 0 0 0 0 0 0 0  \
  0 0 0 0 0 0 0 0 0 0  \
  0 0 0 0 0 0 0 0 0 0  \
  0 0 0 0 0 0 0 0 0 0  \
  0 0 0 0 0 0 0 0 0 0  \
  0 0 0 0 0 0 0 0 0 0  \
  0 0 0 0 0 0 0 0 0 0  \
  0 0 0 0 0 0 0 0 0 0  \
  0 0 0 0 0 0 0 0 0 0  \
  0 0 0 0 0 0 0 0 0 0  \
  0 0 0 0 0 0 0 0 0 0  \
  0 0 0 0 0 0 0 0 0 0  \
  0 0 0 0 0 0 0 0 0 0  \
  0 0 0 0 0.0496544 0.0883461 0.0928435 0.115541 0.129952 0.153576  \
  0.154808 0.171392 0.18336 0.189357 0.195611 0.215283 0.224081 0.239491 0.257463 0.264623  \
  0.286316 0.289641 0.313189 0.329428 0.33029 0.345739 0.365575 0.368671 0.389446 0.400808  \
  0.424708 0.427025 0.436213 0.446889 0.46632 0.466949 0.494265 0.506092 0.518101 0.532561  \
  0.542499 0.543516 0.563757 0.582215 0.584301 0.61492 0.628812 0.635935 0.647474 0.653639  \
  0.671904 0.68167 0.693845 0.712282 0.731087 0.735123 0.742769 0.753956 0.778477 0.783281  \
  0.797657 0.820782 0.826189 0.838923 0.842648 0.858545 0.875117 0.878212 0.894396 0.909833  \
  0.93103 0.936925 0.938637 0.952165 0.973864 0.978798 0.996454 1.01375 1.02456 1.02557  \
  1.04634 1.04774 1.07386 1.07702 1.09539 1.11797 1.124 1.12728 1.13632 1.15181  \
  1.18161 1.18327 1.20054 1.21535 1.22929 1.23901 1.24295 1.26702 1.27971 1.28345  \
  1.29819 1.31384 1.34065 1.34153 1.35352 1.36003 1.38336 1.38425 1.40394 1.42963  \
  1.44384 1.45406 1.45489 1.47129 1.48416 1.48746 1.51472 1.51746 1.53703 1.55156  \
  1.55539 1.57763 1.58937 1.59506 1.61996 1.62653 1.64408 1.64498 1.65453 1.67733  \
  1.69327 1.69441 1.72163 1.72444 1.73767 1.75487 1.76008 1.77341 1.79079 1.79183  \
  1.81445 1.82655 1.84204 1.84624 1.86425 1.86748 1.88438 1.89988 1.90207 1.93695  \
  1.93817 1.95227 1.96023 1.96796 1.99149 1.99928 2.01284 2.03703 2.04693 2.06265  \
  2.06528 2.07997 2.08112 2.10556 2.10692 2.13784 2.1455 2.16016 2.16723 2.17996  \
  2.18736 2.20256 2.21553 2.23454 2.25227 2.25718 2.26331 2.27798 2.28486 2.29956  \
  2.3178 2.36072 2.37044 2.38595 2.38748 2.41374 2.41831 2.43347 2.45063 2.4551  \
  2.46048 2.47162 2.48769 2.50795 2.51419 2.53256 2.54602 2.55803 2.55902 2.57537  \
  2.59751 2.61284 2.62353 2.63429 2.65079 2.65811 2.66533 2.68196 2.70245 2.70733  \
  2.71782 2.73212 2.74058 2.75758 2.7634 2.77165 2.79376 2.81 2.81629 2.83364  \
  2.84331 2.85562 2.8615 2.88201 2.89649 2.91115 2.91517 2.9387 2.95465 2.95852  \
  3.0013 3.01323 3.02764 3.03754 3.04734 3.05911 3.06739 3.09765 3.10361 3.11474  \
  3.1324 3.13743 3.15202 3.17082 3.17411 3.20922 3.21919 3.22724 3.24105 3.25101  \
  3.26196 3.28019 3.28186 3.31 3.32664 3.3275 3.34024 3.34583 3.35582 3.37158  \
  3.38031 3.42338 3.42434 3.42689 3.44874 3.44976 3.46165 3.47831 3.48136 3.50758  \
  3.52294 3.5297 3.536 3.54709 3.5522 3.57996 3.58879 3.60729 3.62681 3.63713  \
  3.6473 3.65438 3.6611 3.67262 3.7051 3.71795 3.73887 3.74028 3.75871 3.76336  \
  3.77803 3.78216 3.80962 3.82492 3.84228 3.84696 3.86062 3.87484 3.8829 3.88558  \
  3.91525 3.9204 3.94011 3.95818 3.96749 3.97431 3.98523 3.99246 4.02032 4.05712  \
  4.08363 4.09808 4.11413 4.12452 4.13551 4.15733 4.16677 4.17353 4.17792 4.18467  \
  4.2183 4.23072 4.24553 4.25718 4.26671 4.27761 4.28109 4.29565 4.32298 4.32506  \
  4.34377 4.36366 4.3658 4.3825 4.387 4.40103 4.42431 4.43884 4.44642 4.45912  \
  4.46717 4.48185 4.49457 4.51027 4.53167 4.54421 4.55409 4.57665 4.57815 4.5894  \
  4.5969 4.61038 4.64125 4.64992 4.66371 4.67898 4.6906 4.70562 4.75094 4.77561  \
  4.79144 4.79252 4.80165 4.81217 4.83725 4.85562 4.8797 4.88297 4.89643 4.90367  \
  4.91407 4.92373 4.94762 4.97322 4.98442 4.99291 4.99874 4.9997 4.99988 5  \
  5 5 5 5 5 5 5 5 5 5  \
  5 5 5 5 5 5 5 5 5 5  \
  5 5 5 5 5 5 5 5 5 5  \
  5 5 5 5 5 5 5 5 5 5  \
  5 5 5 5 5 5 5 5 5 5  \
  5 5 5 5 5 5 5 5 5 5  \
  5 5 5 5 5 5 5 5 5 5  \
  5 5 5 5 5 5 5 5 5 5  \
  5 5 5 5 5 5 5 5 5 5  \
  5 5 5 5 5 5 5 5 5 5  \
  5 5 5 5 5 5 5 5 5 5  \
  5 5 5 5 5 5 5 5 5 5  \
  5 5 5 5 5 5 5 5 5 5  \
  5 5 5 5 5 5 5 5 5 5  \
  5 5 5 5 5 5 5 5 5 5  \
  5 5 5 5 5 5 5 5 5 5  \
  5 5 5 5 5 5 5 5 5 5  \
  5 5 5 5 5 5 5 5 5 5  \
  5 5 5 5 5 5 5 5 5 5  \
  5 5 5 5 5 5 5 5 5 5  \
  5 5 5 5 5 5 5 5 5 5  \
  5 5 5 5 5 5 5 5 5 5  \
  5 5 5 5 5 5 5 5 5 5  \
  5 5 5 5 5 5 5 5 5 5  \
  5 5 5 5 5 5 5 5 5 5  \
  5 5 5 5 5 5 5 5 5 5  \
  5 5 5 5 5 5 5 5 5 5  \
  5 5 5 5 5 5 5 5 5 5  \
  5 5 5 5 5 5 5 5 5 5  \
  5 5 5 5 5 5 5 5 5 5  \
  5 5 5 5 5 5 5 5 5 5  \
  5 5 5 5 5 5 5 5 5 5  \
  5 5 5 5 5 5 5 5 5 5  \
  5 5 5 5 5 5 5 5 5 5  \
  5 5 5 5 5 5 5 5 5 5  \
  5 5 5 5 5 5 5 5 5 5  \
  5 5 5 5 5 5 5 5 5 5  \
  5 5 5 5 5 5 5 5 5 5  \
  5 5 5 5 5 5 5 5 5 5  \
  5 5 5 5 5 5 5 5 5 5  \
  5 5 5 5 5 5 5 5 5 5  \
  5 5 5 5 5 5 5 5 5 5  \
  5 5 5 5 5 5 5 5 5 5  \
  5 5 5 5 5 5 5 5 5 5  \
  5 5 5 5 5 5 5 5 5 5  \
  5 5 5 5 5 5 5 5 5 5  \
  5 5 5 5 5 5 5 5 5 5  \
  5 5 5 5 5 5 5 5 5 5  \
  5 5 5 5 5 5 5 5 5 5  \
  5 5 5 5 5 5 5 5 5 5  \
  5 5 5 5 5 5 5 5 5 5  \
  5 5 5 5 5 5 5 5 5 5  \
  5 5 5 5 5 5 5 5 5 5  \
  5 5 5 5 5 5 5 5 5 5  \
  5 5 5 5 5 5 5 5 5 5  \
  5 5 5 5 5 5 5 5 5 5  \
  5 5 5 5 5 5 5 5 5 5  \
  5 5 5 5 5 5 5 5 5 5  \
  5 5 5 5 5 5 5 5 5 5  \
  0 0 0 0 0 0 0 0 0 0  \
  0 0 0 0 0 0 0 0 0 0  \
  0 0 0 0 0 0 0 0 0 0  \
  0 0 0 0 0.0526536 0.0894539 0.112892 0.119692 0.12794 0.14557  \
  0.155185 0.170557 0.189135 0.19036 0.207927 0.223444 0.230396 0.253513 0.261334 0.27002  \
  0.291842 0.297138 0.31722 0.3281 0.337226 0.356087 0.36964 0.370772 0.39322 0.395475  \
  0.419978 0.422445 0.44105 0.447121 0.453843 0.457293 0.471824 0.495528 0.519123 0.533712  \
  0.538566 0.547349 0.560827 0.577979 0.583781 0.616695 0.61829 0.621183 0.63296 0.641092  \
  0.659185 0.666564 0.68453 0.697683 0.713875 0.729665 0.747219 0.772634 0.7749 0.793217  \
  0.806214 0.810757 0.822194 0.843229 0.848038 0.869542 0.878083 0.894012 0.915056 0.915894  \
  0.921481 0.943342 0.957019 0.975648 0.978178 0.998435 1.0075 1.01781 1.02437 1.04027  \
  1.053 1.06106 1.07426 1.09502 1.10025 1.11567 1.12762 1.13649 1.1572 1.17064  \
  1.17963 1.19868 1.19963 1.21576 1.22028 1.23611 1.2587 1.27096 1.28273 1.30628  \
  1.31604 1.32202 1.34902 1.37087 1.37214 1.38827 1.40127 1.41048 1.42687 1.43864  \
  1.45622 1.46662 1.48124 1.50084 1.50837 1.51539 1.53971 1.54494 1.56312 1.57236  \
  1.58065 1.60149 1.61422 1.63429 1.65095 1.65658 1.66649 1.68395 1.68814 1.71175  \
  1.71836 1.72988 1.74897 1.74989 1.76557 1.7792 1.79016 1.80548 1.81426 1.82403  \
  1.84391 1.85418 1.86949 1.88627 1.89503 1.9042 1.91963 1.92396 1.94533 1.97034  \
  1.98146 1.98635 1.99459 2.00407 2.02556 2.02817 2.04689 2.06429 2.08189 2.08616  \
  2.10566 2.11402 2.12797 2.13402 2.14708 2.17221 2.18066 2.19209 2.20419 2.21627  \
  2.22178 2.24249 2.25035 2.28557 2.29073 2.29728 2.29994 2.30818 2.32703 2.34296  \
  2.34694 2.38342 2.4007 2.40958 2.42866 2.44579 2.44693 2.47313 2.48146 2.49318  \
  2.50142 2.51487 2.52315 2.54103 2.54827 2.57687 2.58583 2.60146 2.60291 2.61167  \
  2.63408 2.64915 2.65871 2.67508 2.68907 2.69721 2.69985 2.72254 2.7327 2.74413  \
  2.75313 2.77664 2.78634 2.79667 2.80232 2.82065 2.84252 2.85049 2.86649 2.88204  \
  2.89148 2.90194 2.90763 2.91455 2.94424 2.95207 2.96502 2.98457 2.98963 3.01126  \
  3.04938 3.05523 3.05825 3.08411 3.09957 3.10152 3.11701 3.1354 3.14382 3.15483  \
  3.16927 3.17627 3.1977 3.21021 3.21805 3.24454 3.255 3.26696 3.26963 3.28922  \
  3.30539 3.30808 3.32308 3.34086 3.35393 3.36069 3.36826 3.38058 3.40722 3.41031  \
  3.4297 3.44224 3.46383 3.46744 3.47814 3.48738 3.50499 3.5131 3.53032 3.54605  \
  3.56128 3.57298 3.5834 3.58914 3.60388 3.61548 3.62397 3.66095 3.66667 3.68507  \
  3.68716 3.70315 3.70409 3.73212 3.73663 3.76526 3.772 3.78401 3.78814 3.79872  \
  3.80726 3.82608 3.83978 3.8531 3.86882 3.87842 3.90009 3.90549 3.91932 3.9268  \
  3.94277 3.9671 3.97901 3.99466 3.99731 4.00434 4.00581 4.03023 4.05047 4.08116  \
  4.1073 4.11738 4.13337 4.14982 4.16043 4.17915 4.19299 4.20001 4.20144 4.2184  \
  4.24553 4.25349 4.2666 4.27916 4.28982 4.30313 4.30703 4.31712 4.34418 4.35819  \
  4.3688 4.38381 4.38903 4.40073 4.40884 4.41383 4.44842 4.45439 4.46931 4.48208  \
  4.48751 4.49693 4.50412 4.51529 4.55119 4.55828 4.58055 4.58931 4.5966 4.61266  \
  4.61678 4.62603 4.65598 4.65896 4.67983 4.69499 4.70091 4.7282 4.76415 4.77321  \
  4.78582 4.7941 4.81209 4.82905 4.83515 4.86118 4.87609 4.88443 4.89964 4.90108  \
  4.917 4.93127 4.94081 4.97186 4.98883 4.99001 4.99671 4.99972 5 5  \
  5 5 5 5 5 5 5 5 5 5  \
  5 5 5 5 5 5 5 5 5 5  \
  5 5 5 5 5 5 5 5 5 5  \
  5 5 5 5 5 5 5 5 5 5  \
  5 5 5 5 5 5 5 5 5 5  \
  5 5 5 5 5 5 5 5 5 5  \
  5 5 5 5 5 5 5 5 5 5  \
  5 5 5 5 5 5 5 5 5 5  \
  5 5 5 5 5 5 5 5 5 5  \
  5 5 5 5 5 5 5 5 5 5  \
  5 5 5 5 5 5 5 5 5 5  \
  5 5 5 5 5 5 5 5 5 5  \
  5 5 5 5 5 5 5 5 5 5  \
  5 5 5 5 5 5 5 5 5 5  \
  5 5 5 5 5 5 5 5 5 5  \
  5 5 5 5 5 5 5 5 5 5  \
  5 5 5 5 5 5 5 5 5 5  \
  5 5 5 5 5 5 5 5 5 5  \
  5 5 5 5 5 5 5 5 5 5  \
  5 5 5 5 5 5 5 5 5 5  \
  5 5 5 5 5 5 5 5 5 5  \
  5 5 5 5 5 5 5 5 5 5  \
  5 5 5 5 5 5 5 5 5 5  \
  5 5 5 5 5 5 5 5 5 5  \
  5 5 5 5 5 5 5 5 5 5  \
  5 5 5 5 5 5 5 5 5 5  \
  5 5 5 5 5 5 5 5 5 5  \
  5 5 5 5 5 5 5 5 5 5  \
  5 5 5 5 5 5 5 5 5 5  \
  5 5 5 5 5 5 5 5 5 5  \
  5 5 5 5 5 5 5 5 5 5  \
  5 5 5 5 5 5 5 5 5 5  \
  5 5 5 5 5 5 5 5 5 5  \
  5 5 5 5 5 5 5 5 5 5  \
  5 5 5 5 5 5 5 5 5 5  \
  5 5 5 5 5 5 5 5 5 5  \
  5 5 5 5 5 5 5 5 5 5  \
  5 5 5 5 5 5 5 5 5 5  \
  5 5 5 5 5 5 5 5 5 5  \
  5 5 5 5 5 5 5 5 5 5  \
  5 5 5 5 5 5 5 5 5 5  \
  5 5 5 5 5 5 5 5 5 5  \
  5 5 5 5 5 5 5 5 5 5  \
  5 5 5 5 5 5 5 5 5 5  \
  5 5 5 5 5 5 5 5 5 5  \
  5 5 5 5 5 5 5 5 5 5  \
  5 5 5 5 5 5 5 5 5 5  \
  5 5 5 5 5 5 5 5 5 5  \
  5 5 5 5 5 5 5 5 5 5  \
  5 5 5 5 5 5 5 5 5 5  \
  5 5 5 5 5 5 5 5 5 5  \
  5 5 5 5 5 5 5 5 5 5  \
  5 5 5 5 5 5 5 5 5 5  \
  5 5 5 5 5 5 5 5 5 5  \
  5 5 5 5 5 5 5 5 5 5  \
  5 5 5 5 5 5 5 5 5 5  \
  5 5 5 5 5 5 5 5 5 5  \
  5 5 5 5 5 5 5 5 5 5  \
  5 5 5 5 5 5 5 5 5 5  \
  0 0 0 0 0 0 0 0 0 0  \
  0 0 0 0 0 0 0 0 0 0  \
  0 0 0 0 0 0 0 0 0 0  \
  0 0 0 0 0.0556517 0.0895285 0.102775 0.120492 0.135871 0.144729  \
  0.1579 0.17403 0.180741 0.199817 0.213564 0.229521 0.235996 0.253658 0.262001 0.273801  \
  0.285091 0.293722 0.30894 0.332778 0.334816 0.353995 0.358886 0.372693 0.388808 0.394768  \
  0.417291 0.426201 0.440722 0.454814 0.46482 0.470423 0.486101 0.507401 0.520584 0.526838  \
  0.539803 0.551105 0.570103 0.571129 0.596311 0.607571 0.630979 0.636091 0.645976 0.655555  \
  0.672075 0.680803 0.696325 0.708875 0.719907 0.738757 0.739729 0.763082 0.778348 0.784745  \
  0.806492 0.812092 0.830908 0.844161 0.846054 0.864161 0.877259 0.885691 0.908307 0.910875  \
  0.925194 0.93613 0.941427 0.959135 0.978896 0.985807 1.00657 1.01416 1.02426 1.03825  \
  1.03937 1.07077 1.07476 1.08455 1.10961 1.11335 1.12958 1.14733 1.15388 1.17797  \
  1.17927 1.19727 1.21283 1.21511 1.22187 1.24264 1.2494 1.27115 1.27573 1.30418  \
  1.31894 1.32594 1.33033 1.34152 1.36217 1.38576 1.38788 1.40474 1.42301 1.4256  \
  1.43758 1.45885 1.46773 1.48923 1.48987 1.51174 1.53019 1.53487 1.55171 1.55741  \
  1.57788 1.60039 1.60115 1.62124 1.63394 1.64581 1.64778 1.66331 1.67968 1.69361  \
  1.706 1.7175 1.73548 1.73876 1.75195 1.7703 1.77508 1.80066 1.80447 1.82333  \
  1.83888 1.84264 1.85782 1.87135 1.87724 1.8945 1.91129 1.91914 1.93085 1.95495  \
  1.96196 1.97272 1.9819 1.99572 2.01068 2.01659 2.03395 2.05215 2.07126 2.07303  \
  2.08178 2.09224 2.11817 2.12692 2.14275 2.15875 2.17614 2.18604 2.20212 2.2029  \
  2.21832 2.23502 2.23844 2.27044 2.27143 2.28063 2.29492 2.29985 2.3145 2.33493  \
  2.33763 2.37698 2.38865 2.40369 2.41694 2.43569 2.43866 2.45907 2.47718 2.48067  \
  2.48783 2.49563 2.51538 2.52276 2.54227 2.56077 2.56269 2.58202 2.58674 2.59854  \
  2.62657 2.62883 2.64746 2.66547 2.6679 2.67751 2.68865 2.69492 2.72067 2.73602  \
  2.7501 2.76806 2.77451 2.78644 2.79537 2.80169 2.83318 2.83608 2.86123 2.86533  \
  2.87025 2.87785 2.90026 2.90151 2.93168 2.93554 2.95507 2.96725 2.97828 2.99722  \
  3.02889 3.04078 3.04287 3.05755 3.07728 3.08113 3.10445 3.11722 3.1354 3.14866  \
  3.15545 3.16751 3.18955 3.19114 3.21038 3.22131 3.24236 3.25051 3.25158 3.27044  \
  3.2915 3.30211 3.32459 3.33454 3.34499 3.35544 3.36448 3.3809 3.40074 3.40319  \
  3.42991 3.43083 3.45069 3.4586 3.47377 3.47618 3.4958 3.50778 3.52265 3.54691  \
  3.5511 3.55858 3.57479 3.58284 3.59966 3.61701 3.61901 3.64334 3.64651 3.67178  \
  3.6784 3.68362 3.69548 3.71159 3.71342 3.7563 3.75803 3.77905 3.78025 3.78788  \
  3.79277 3.81474 3.82259 3.84945 3.87007 3.88096 3.88395 3.89794 3.89918 3.9226  \
  3.94522 3.95818 3.97621 3.9782 3.98048 4.00095 4.00305 4.02181 4.034 4.07622  \
  4.0893 4.09768 4.12793 4.13457 4.14623 4.16612 4.17299 4.18913 4.19135 4.20129  \
  4.23077 4.23536 4.2592 4.26588 4.27231 4.28258 4.29309 4.30358 4.33412 4.33553  \
  4.35152 4.37437 4.37766 4.39197 4.39912 4.40968 4.43162 4.43763 4.45994 4.46856  \
  4.474 4.48885 4.49874 4.51182 4.54736 4.54908 4.57007 4.58145 4.58639 4.59245  \
  4.60825 4.61278 4.64402 4.64608 4.66568 4.68507 4.68805 4.71386 4.75782 4.76396  \
  4.78227 4.78461 4.80188 4.81788 4.82113 4.85741 4.86313 4.86489 4.88496 4.89214  \
  4.90715 4.91842 4.92685 4.96033 4.97448 4.97878 4.9905 4.99678 4.99999 5  \
  5 5 5 5 5 5 5 5 5 5  \
  5 5 5 5 5 5 5 5 5 5  \
  5 5 5 5 5 5 5 5 5 5  \
  5 5 5 5 5 5 5 5 5 5  \
  5 5 5 5 5 5 5 5 5 5  \
  5 5 5 5 5 5 5 5 5 5  \
  5 5 5 5 5 5 5 5 5 5  \
  5 5 5 5 5 5 5 5 5 5  \
  5 5 5 5 5 5 5 5 5 5  \
  5 5 5 5 5 5 5 5 5 5  \
  5 5 5 5 5 5 5 5 5 5  \
  5 5 5 5 5 5 5 5 5 5  \
  5 5 5 5 5 5 5 5 5 5  \
  5 5 5 5 5 5 5 5 5 5  \
  5 5 5 5 5 5 5 5 5 5  \
  5 5 5 5 5 5 5 5 5 5  \
  5 5 5 5 5 5 5 5 5 5  \
  5 5 5 5 5 5 5 5 5 5  \
  5 5 5 5 5 5 5 5 5 5  \
  5 5 5 5 5 5 5 5 5 5  \
  5 5 5 5 5 5 5 5 5 5  \
  5 5 5 5 5 5 5 5 5 5  \
  5 5 5 5 5 5 5 5 5 5  \
  5 5 5 5 5 5 5 5 5 5  \
  5 5 5 5 5 5 5 5 5 5  \
  5 5 5 5 5 5 5 5 5 5  \
  5 5 5 5 5 5 5 5 5 5  \
  5 5 5 5 5 5 5 5 5 5  \
  5 5 5 5 5 5 5 5 5 5  \
  5 5 5 5 5 5 5 5 5 5  \
  5 5 5 5 5 5 5 5 5 5  \
  5 5 5 5 5 5 5 5 5 5  \
  5 5 5 5 5 5 5 5 5 5  \
  5 5 5 5 5 5 5 5 5 5  \
  5 5 5 5 5 5 5 5 5 5  \
  5 5 5 5 5 5 5 5 5 5  \
  5 5 5 5 5 5 5 5 5 5  \
  5 5 5 5 5 5 5 5 5 5  \
  5 5 5 5 5 5 5 5 5 5  \
  5 5 5 5 5 5 5 5 5 5  \
  5 5 5 5 5 5 5 5 5 5  \
  5 5 5 5 5 5 5 5 5 5  \
  5 5 5 5 5 5 5 5 5 5  \
  5 5 5 5 5 5 5 5 5 5  \
  5 5 5 5 5 5 5 5 5 5  \
  5 5 5 5 5 5 5 5 5 5  \
  5 5 5 5 5 5 5 5 5 5  \
  5 5 5 5 5 5 5 5 5 5  \
  5 5 5 5 5 5 5 5 5 5  \
  5 5 5 5 5 5 5 5 5 5  \
  5 5 5 5 5 5 5 5 5 5  \
  5 5 5 5 5 5 5 5 5 5  \
  5 5 5 5 5 5 5 5 5 5  \
  5 5 5 5 5 5 5 5 5 5  \
  5 5 5 5 5 5 5 5 5 5  \
  5 5 5 5 5 5 5 5 5 5  \
  5 5 5 5 5 5 5 5 5 5  \
  5 5 5 5 5 5 5 5 5 5  \
  5 5 5 5 5 5 5 5 5 5  \
  0 0 0 0 0 0 0 0 0 0  \
  0 0 0 0 0 0 0 0 0 0  \
  0 0 0 0 0 0 0 0 0 0  \
  0 0 0 0 0.0477338 0.0799096 0.0967448 0.109194 0.131789 0.1495  \
  0.158376 0.169885 0.189409 0.192662 0.213078 0.227573 0.232677 0.2525 0.264445 0.27524  \
  0.295517 0.296801 0.311254 0.327723 0.333275 0.352755 0.374179 0.378967 0.389311 0.409353  \
  0.419687 0.432157 0.435608 0.453198 0.472761 0.48161 0.502221 0.51493 0.526174 0.535414  \
  0.544829 0.555373 0.577423 0.579697 0.600457 0.616313 0.636865 0.644436 0.650747 0.665129  \
  0.685457 0.68924 0.706566 0.709775 0.736268 0.753475 0.754978 0.779401 0.790187 0.792879  \
  0.816251 0.823875 0.838369 0.854145 0.876868 0.882153 0.883469 0.905782 0.92285 0.933004  \
  0.933038 0.947007 0.963742 0.988264 0.990847 1.01702 1.02556 1.04129 1.04297 1.05361  \
  1.07137 1.09058 1.09159 1.12177 1.12678 1.14103 1.14202 1.15121 1.18134 1.19612  \
  1.20094 1.22495 1.23138 1.24066 1.24977 1.26605 1.28484 1.29958 1.31104 1.32222  \
  1.33591 1.34812 1.36669 1.38327 1.38737 1.40943 1.41216 1.42727 1.45004 1.45128  \
  1.47394 1.49381 1.50408 1.51956 1.52632 1.54025 1.56126 1.56255 1.5801 1.59021  \
  1.60931 1.63409 1.6351 1.65899 1.67028 1.67576 1.67779 1.6926 1.70706 1.72966  \
  1.73372 1.74875 1.76789 1.77072 1.78702 1.79972 1.80841 1.82441 1.83565 1.85115  \
  1.86814 1.87226 1.88535 1.89766 1.90521 1.92622 1.9369 1.94601 1.96548 1.97707  \
  1.99553 2.0075 2.00836 2.02912 2.03815 2.04117 2.06126 2.071 2.09662 2.10769  \
  2.11973 2.12064 2.13648 2.14752 2.15742 2.18909 2.20243 2.20863 2.2152 2.22822  \
  2.24028 2.26132 2.26469 2.29535 2.29806 2.3164 2.31959 2.3265 2.34245 2.35839  \
  2.36765 2.39892 2.40661 2.42034 2.44652 2.46061 2.46804 2.48823 2.49679 2.51102  \
  2.51227 2.52099 2.54409 2.5534 2.56667 2.58881 2.59324 2.612 2.61483 2.62155  \
  2.64799 2.65388 2.67734 2.68695 2.69127 2.69761 2.70577 2.7158 2.75052 2.75177  \
  2.7674 2.77742 2.79628 2.79808 2.81472 2.81574 2.8537 2.85873 2.87984 2.88803  \
  2.89319 2.90106 2.91601 2.9223 2.95271 2.95451 2.97469 2.98894 3.00283 3.01928  \
  3.05508 3.06372 3.06462 3.08532 3.10281 3.10377 3.12365 3.1419 3.14961 3.16146  \
  3.1684 3.19433 3.19828 3.21456 3.23356 3.23621 3.26021 3.27147 3.27273 3.29426  \
  3.29504 3.32117 3.33505 3.34345 3.36272 3.37119 3.37208 3.39687 3.41653 3.41909  \
  3.43956 3.45561 3.46792 3.46925 3.49011 3.496 3.51215 3.51356 3.53739 3.54737  \
  3.5698 3.57524 3.58846 3.60146 3.61614 3.62685 3.63353 3.6577 3.66178 3.67756  \
  3.68182 3.70165 3.70401 3.72339 3.72604 3.76345 3.76705 3.7846 3.79519 3.8091  \
  3.81113 3.82877 3.83708 3.87209 3.87747 3.88949 3.89039 3.90766 3.91138 3.93387  \
  3.95159 3.96469 3.98308 3.98953 3.99663 4.00467 4.00554 4.02921 4.04636 4.0874  \
  4.09363 4.10376 4.14051 4.14964 4.16613 4.18388 4.19143 4.1971 4.21211 4.21493  \
  4.24276 4.25463 4.26866 4.28887 4.29023 4.297 4.31009 4.3123 4.34882 4.35856  \
  4.38102 4.39216 4.39569 4.40177 4.41936 4.42613 4.45353 4.45672 4.48008 4.48875  \
  4.504 4.50696 4.51889 4.52486 4.55769 4.57114 4.58324 4.59789 4.59929 4.61531  \
  4.62115 4.62599 4.66416 4.67372 4.69286 4.70852 4.71704 4.73838 4.77958 4.79161  \
  4.80124 4.81196 4.82677 4.84348 4.84515 4.88672 4.89136 4.89237 4.91201 4.9136  \
  4.93299 4.94981 4.95529 4.99007 4.99727 4.99939 4.99998 4.99999 5 5  \
  5 5 5 5 5 5 5 5 5 5  \
  5 5 5 5 5 5 5 5 5 5  \
  5 5 5 5 5 5 5 5 5 5  \
  5 5 5 5 5 5 5 5 5 5  \
  5 5 5 5 5 5 5 5 5 5  \
  5 5 5 5 5 5 5 5 5 5  \
  5 5 5 5 5 5 5 5 5 5  \
  5 5 5 5 5 5 5 5 5 5  \
  5 5 5 5 5 5 5 5 5 5  \
  5 5 5 5 5 5 5 5 5 5  \
  5 5 5 5 5 5 5 5 5 5  \
  5 5 5 5 5 5 5 5 5 5  \
  5 5 5 5 5 5 5 5 5 5  \
  5 5 5 5 5 5 5 5 5 5  \
  5 5 5 5 5 5 5 5 5 5  \
  5 5 5 5 5 5 5 5 5 5  \
  5 5 5 5 5 5 5 5 5 5  \
  5 5 5 5 5 5 5 5 5 5  \
  5 5 5 5 5 5 5 5 5 5  \
  5 5 5 5 5 5 5 5 5 5  \
  5 5 5 5 5 5 5 5 5 5  \
  5 5 5 5 5 5 5 5 5 5  \
  5 5 5 5 5 5 5 5 5 5  \
  5 5 5 5 5 5 5 5 5 5  \
  5 5 5 5 5 5 5 5 5 5  \
  5 5 5 5 5 5 5 5 5 5  \
  5 5 5 5 5 5 5 5 5 5  \
  5 5 5 5 5 5 5 5 5 5  \
  5 5 5 5 5 5 5 5 5 5  \
  5 5 5 5 5 5 5 5 5 5  \
  5 5 5 5 5 5 5 5 5 5  \
  5 5 5 5 5 5 5 5 5 5  \
  5 5 5 5 5 5 5 5 5 5  \
  5 5 5 5 5 5 5 5 5 5  \
  5 5 5 5 5 5 5 5 5 5  \
  5 5 5 5 5 5 5 5 5 5  \
  5 5 5 5 5 5 5 5 5 5  \
  5 5 5 5 5 5 5 5 5 5  \
  5 5 5 5 5 5 5 5 5 5  \
  5 5 5 5 5 5 5 5 5 5  \
  5 5 5 5 5 5 5 5 5 5  \
  5 5 5 5 5 5 5 5 5 5  \
  5 5 5 5 5 5 5 5 5 5  \
  5 5 5 5 5 5 5 5 5 5  \
  5 5 5 5 5 5 5 5 5 5  \
  5 5 5 5 5 5 5 5 5 5  \
  5 5 5 5 5 5 5 5 5 5  \
  5 5 5 5 5 5 5 5 5 5  \
  5 5 5 5 5 5 5 5 5 5  \
  5 5 5 5 5 5 5 5 5 5  \
  5 5 5 5 5 5 5 5 5 5  \
  5 5 5 5 5 5 5 5 5 5  \
  5 5 5 5 5 5 5 5 5 5  \
  5 5 5 5 5 5 5 5 5 5  \
  5 5 5 5 5 5 5 5 5 5  \
  5 5 5 5 5 5 5 5 5 5  \
  5 5 5 5 5 5 5 5 5 5  \
  5 5 5 5 5 5 5 5 5 5  \
  5 5 5 5 5 5 5 5 5 5  \
  0 0 0 0 0 0 0 0 0 0  \
  0 0 0 0 0 0 0 0 0 0  \
  0 0 0 0 0 0 0 0 0 0  \
  0 0 0 0 0 0 0 0 0 0  \
  0 0 0 0 0 0 0 0 0 0  \
  0 0 0 0 0 0 0 0 0 0  \
  0 0 0 0 0 0 0 0 0 0  \
  0 0 0 0 0 0 0 0 0 0  \
  0 0 0 0 0 0 0 0 0 0  \
  0 0 0 0 0 0 0 0 0 0  \
  0 0 0 0 0 0 0 0 0 0  \
  0 0 0 0 0 0 0 0 0 0  \
  0 0 0 0 0 0 0 0 0 0  \
  0 0 0 0 0 0 0 0 0 0.015523  \
  0.0176528 0.0187071 0.0209317 0.0344937 0.0403873 0.0488851 0.0515807 0.0580155 0.0734894 0.0748002  \
  0.0817271 0.0868757 0.0887664 0.097946 0.10035 0.113402 0.114776 0.116607 0.130138 0.134875  \
  0.136868 0.146691 0.155438 0.171551 0.172806 0.173825 0.183908 0.185514 0.200559 0.203139  \
  0.203634 0.213432 0.216658 0.217579 0.229054 0.237418 0.239962 0.250326 0.258501 0.259654  \
  0.26341 0.270678 0.277355 0.284321 0.294558 0.297665 0.301503 0.306374 0.319746 0.324195  \
  0.325977 0.328908 0.339898 0.346452 0.361286 0.364372 0.365289 0.368898 0.379793 0.388888  \
  0.390765 0.401037 0.402773 0.413324 0.417137 0.41863 0.423259 0.437134 0.441186 0.442282  \
  0.456414 0.457795 0.466932 0.472471 0.475008 0.484641 0.491108 0.500175 0.502125 0.515413  \
  0.518302 0.52752 0.534092 0.535832 0.547823 0.555312 0.56252 0.569679 0.573119 0.574919  \
  0.57728 0.588695 0.593285 0.605687 0.612108 0.615563 0.618504 0.62852 0.640986 0.642184  \
  0.648756 0.651669 0.657728 0.671308 0.67724 0.678994 0.685183 0.686507 0.692798 0.702825  \
  0.719757 0.720284 0.722414 0.732015 0.742804 0.748955 0.752648 0.756008 0.765922 0.770934  \
  0.774648 0.776437 0.778953 0.78277 0.788421 0.7979 0.815081 0.818206 0.819425 0.823189  \
  0.837879 0.84094 0.84968 0.851311 0.860051 0.860986 0.872468 0.875005 0.877012 0.878917  \
  0.891291 0.904062 0.91114 0.912679 0.917779 0.920306 0.932286 0.934943 0.944316 0.944861  \
  0.965047 0.966095 0.9695 0.973752 0.976367 0.977822 0.980778 0.999123 1.00608 1.01156  \
  1.02482 1.02616 1.02796 1.04422 1.05161 1.05335 1.05448 1.05752 1.06285 1.07364  \
  1.07753 1.08518 1.08777 1.10667 1.11319 1.11402 1.11541 1.12268 1.13127 1.14373  \
  1.14452 1.14518 1.15388 1.15798 1.16304 1.16782 1.17261 1.18136 1.19142 1.20257  \
  1.20807 1.20971 1.21371 1.22861 1.23648 1.23931 1.24197 1.24516 1.25922 1.26058  \
  1.26495 1.26702 1.27566 1.27704 1.29326 1.29978 1.30952 1.31175 1.3154 1.327  \
  1.33429 1.34048 1.34265 1.34477 1.35194 1.35632 1.35712 1.3649 1.36962 1.3729  \
  1.39097 1.39711 1.40808 1.4141 1.4196 1.42382 1.43309 1.43405 1.44044 1.44131  \
  1.45494 1.45609 1.45761 1.48161 1.48377 1.48895 1.50389 1.50574 1.50756 1.50873  \
  1.52932 1.53311 1.53636 1.54151 1.54582 1.55188 1.55986 1.56501 1.57739 1.58078  \
  1.58398 1.58758 1.59901 1.60298 1.60397 1.61244 1.62704 1.62866 1.64204 1.64594  \
  1.64891 1.65781 1.66062 1.6648 1.6749 1.68416 1.68757 1.69411 1.7017 1.70235  \
  1.71192 1.7205 1.72361 1.72964 1.73678 1.74413 1.74806 1.74968 1.76573 1.77274  \
  1.77497 1.78259 1.79188 1.79728 1.80126 1.80364 1.80739 1.82411 1.8263 1.82697  \
  1.84001 1.84676 1.85148 1.8579 1.86436 1.8678 1.87827 1.88444 1.89066 1.89822  \
  1.90318 1.9101 1.91519 1.91694 1.92188 1.93268 1.93944 1.94675 1.94948 1.95283  \
  1.96227 1.96293 1.975 1.98168 1.99453 2.00283 2.00916 2.01224 2.01843 2.02749  \
  2.0359 2.04156 2.04671 2.05653 2.05783 2.05862 2.06545 2.06942 2.07352 2.08245  \
  2.09627 2.09987 2.11104 2.11623 2.11955 2.12082 2.1412 2.14239 2.14522 2.14723  \
  2.15163 2.16132 2.16626 2.16737 2.18037 2.19439 2.19903 2.20534 2.2093 2.21274  \
  2.22796 2.23407 2.2347 2.24594 2.24757 2.2528 2.25786 2.26034 2.26996 2.27474  \
  2.27603 2.29157 2.29745 2.30899 2.31259 2.32622 2.32744 2.32943 2.33468 2.34871  \
  2.35038 2.3543 2.36055 2.36325 2.37299 2.38003 2.3888 2.3964 2.39781 2.39909  \
  2.4112 2.4134 2.42595 2.4316 2.43513 2.44086 2.4425 2.45466 2.45674 2.4589  \
  2.4704 2.4734 2.47672 2.48814 2.4949 2.49692 2.50925 2.51545 2.52793 2.53249  \
  2.53816 2.54736 2.55205 2.55311 2.57023 2.57313 2.57411 2.57862 2.59028 2.59216  \
  2.59326 2.60129 2.6026 2.6218 2.62762 2.63091 2.63235 2.65056 2.65701 2.66611  \
  2.66764 2.66927 2.67099 2.67233 2.68645 2.6887 2.6965 2.69785 2.7003 2.71901  \
  2.72969 2.73389 2.74353 2.74475 2.75925 2.76293 2.76585 2.77366 2.77484 2.77626  \
  2.78523 2.79454 2.79685 2.79959 2.8031 2.81759 2.82632 2.8279 2.83921 2.84672  \
  2.85552 2.85777 2.86289 2.87518 2.87696 2.87768 2.88267 2.88726 2.89707 2.90039  \
  2.90533 2.91684 2.92248 2.92685 2.93853 2.94067 2.96317 2.96454 2.9657 2.96637  \
  2.97129 2.97634 2.977 2.98807 2.99487 2.99765 3.00198 3.01971 3.02099 3.02636  \
  3.04208 3.04359 3.04936 3.054 3.05967 3.06073 3.07083 3.08083 3.08565 3.10187  \
  3.11527 3.127 3.12827 3.1331 3.14246 3.15276 3.1535 3.15626 3.1723 3.17298  \
  3.17519 3.18177 3.18748 3.19145 3.19225 3.21172 3.22878 3.22963 3.2303 3.23144  \
  3.24468 3.25075 3.25225 3.25827 3.26906 3.27223 3.2737 3.27542 3.2869 3.29511  \
  3.3022 3.30476 3.32413 3.33287 3.33418 3.33487 3.34576 3.35257 3.35624 3.36429  \
  3.36664 3.36867 3.37709 3.3825 3.39073 3.39921 3.40092 3.40558 3.42986 3.43106  \
  3.43278 3.43566 3.44361 3.45473 3.45671 3.46545 3.46812 3.47195 3.47276 3.48046  \
  3.48544 3.48807 3.50335 3.50874 3.51631 3.51772 3.53142 3.53322 3.53993 3.54808  \
  3.55051 3.56363 3.56512 3.56685 3.57173 3.57786 3.58953 3.59026 3.59596 3.60378  \
  3.62346 3.62814 3.63879 3.64335 3.65462 3.65852 3.66543 3.67414 3.67573 3.67688  \
  3.68544 3.69685 3.69998 3.70487 3.70633 3.72456 3.72625 3.73818 3.74273 3.74388  \
  3.74613 3.76123 3.76251 3.77016 3.77245 3.77811 3.78664 3.80225 3.80355 3.80644  \
  3.80969 3.82379 3.83368 3.84099 3.84213 3.84715 3.84974 3.8578 3.86858 3.87174  \
  3.87802 3.88089 3.8966 3.90157 3.90285 3.91147 3.91526 3.92377 3.93451 3.93813  \
  3.94258 3.94952 3.95222 3.95405 3.97114 3.98503 3.9909 3.99367 3.99465 4.00369  \
  4.00839 4.02188 4.02475 4.02638 4.02854 4.04032 4.0449 4.04595 4.04666 4.04828  \
  4.06336 4.07405 4.07685 4.08504 4.08968 4.09773 4.10662 4.10942 4.11204 4.12458  \
  4.12716 4.12975 4.1398 4.14927 4.15114 4.17012 4.17508 4.19077 4.19219 4.20279  \
  4.20883 4.21192 4.21533 4.21809 4.22952 4.23293 4.24109 4.2427 4.25581 4.26144  \
  4.26276 4.26914 4.28348 4.29194 4.29845 4.30353 4.30755 4.30902 4.32228 4.3233  \
  4.32618 4.33762 4.33861 4.34181 4.35393 4.36001 4.36442 4.3764 4.38196 4.38657  \
  4.40603 4.4076 4.40884 4.41292 4.42129 4.4258 4.42704 4.44237 4.44368 4.44772  \
  4.45116 4.46542 4.46885 4.4701 4.48069 4.48817 4.49541 4.50465 4.50953 4.51046  \
  4.52008 4.52328 4.53978 4.54285 4.54583 4.55054 4.56044 4.56641 4.56802 4.58135  \
  4.58625 4.59161 4.59681 4.60147 4.60284 4.61184 4.62143 4.62696 4.63245 4.63845  \
  4.64697 4.64876 4.65197 4.66275 4.66419 4.671 4.68178 4.68964 4.69598 4.70432  \
  4.70693 4.71179 4.71635 4.72688 4.74335 4.76117 4.77038 4.79179 4.80232 4.80836  \
  4.81018 4.81671 4.81837 4.82852 4.83049 4.83195 4.84235 4.84338 4.85969 4.86068  \
  4.86478 4.86762 4.89045 4.90373 4.90542 4.91117 4.91869 4.92365 4.92582 4.92867  \
  4.93133 4.93724 4.94157 4.94458 4.96028 4.9634 4.96566 4.97465 4.99709 4.99766  \
  4.99818 4.99985 4.99991 4.99994 4.99996 4.99996 4.99997 4.99998 4.99999 4.99999  \
  5 5 5 5 5 5 5 5 5 5  \
  5 5 5 5 5 5 5 5 5 5  \
  5 5 5 5 5 5 5 5 5 5  \
  5 5 5 5 5 5 5 5 5 5  \
  5 5 5 5 5 5 5 5 5 5  \
  5 5 5 5 5 5 5 5 5 5  \
  5 5 5 5 5 5 5 5 5 5  \
  0 0 0 0 0 0 0 0 0 0  \
  0 0 0 0 0 0 0 0 0 0  \
  0 0 0 0 0 0 0 0 0 0  \
  0 0 0 0 0 0 0 0 0 0  \
  0 0 0 0 0 0 0 0 0 0  \
  0 0 0 0 0 0 0 0 0 0  \
  0 0 0 0 0 0 0 0 0 0  \
  0 0 0 0 0 0 0 0 0 0  \
  0 0 0 0 0 0 0 0 0 0  \
  0 0 0 0 0 0 0 0 0 0  \
  0 0 0 0 0 0 0 0 0 0  \
  0 0 0 0 0 0 0 0 0 0  \
  0 0 0 0 0 0 0 0.0106486 0.0116327 0.0156426  \
  0.0259469 0.0304347 0.0409569 0.045255 0.0588136 0.065143 0.0687558 0.077331 0.0779882 0.0816431  \
  0.0909774 0.0939365 0.105724 0.106666 0.109122 0.112257 0.125995 0.127165 0.128771 0.146491  \
  0.16013 0.163416 0.164854 0.180022 0.182299 0.184935 0.194308 0.196891 0.197471 0.203667  \
  0.210552 0.215971 0.220645 0.232566 0.234752 0.240125 0.255989 0.263282 0.26978 0.276253  \
  0.282797 0.29132 0.292237 0.293122 0.296609 0.300822 0.303044 0.305599 0.31378 0.326295  \
  0.327725 0.341006 0.345382 0.355482 0.356217 0.36573 0.371982 0.381232 0.392534 0.394864  \
  0.395908 0.402111 0.407376 0.410349 0.410953 0.426013 0.426789 0.441072 0.456166 0.458169  \
  0.459319 0.480029 0.480953 0.483941 0.489701 0.493338 0.494891 0.502873 0.504011 0.513532  \
  0.51512 0.515904 0.531167 0.536794 0.548824 0.55381 0.555884 0.569513 0.580422 0.580945  \
  0.581708 0.591868 0.593724 0.604348 0.605789 0.61171 0.615246 0.622057 0.632625 0.639625  \
  0.650267 0.651585 0.661741 0.668981 0.679356 0.682396 0.683242 0.688159 0.694236 0.69898  \
  0.705053 0.710876 0.712159 0.719304 0.729597 0.734078 0.734908 0.751025 0.768052 0.770734  \
  0.772944 0.783259 0.786418 0.793198 0.797 0.802419 0.805435 0.807294 0.814832 0.829182  \
  0.834256 0.837202 0.842983 0.852665 0.860927 0.87282 0.87489 0.875944 0.880963 0.888561  \
  0.89709 0.903448 0.906418 0.908308 0.921544 0.923652 0.924844 0.936498 0.937745 0.957774  \
  0.962202 0.963991 0.976857 0.980203 0.989881 0.999943 1.00122 1.00184 1.00568 1.01072  \
  1.01841 1.02367 1.02589 1.02961 1.03658 1.05247 1.05976 1.06091 1.06526 1.07757  \
  1.08856 1.09739 1.09876 1.09908 1.09943 1.10361 1.114 1.11808 1.121 1.12636  \
  1.13562 1.14937 1.15455 1.15725 1.15957 1.17597 1.17892 1.18756 1.19573 1.19702  \
  1.19956 1.2081 1.21902 1.22095 1.22175 1.22679 1.23812 1.25486 1.25952 1.2606  \
  1.26194 1.26263 1.27774 1.28349 1.28586 1.29214 1.30812 1.31138 1.31457 1.31707  \
  1.32322 1.33647 1.34193 1.34902 1.35066 1.35889 1.36188 1.36711 1.37874 1.38292  \
  1.38966 1.40302 1.40385 1.41186 1.41425 1.41524 1.42031 1.42927 1.44305 1.44585  \
  1.44946 1.45889 1.46533 1.47089 1.47343 1.47995 1.49174 1.49534 1.50085 1.50482  \
  1.51003 1.51994 1.52319 1.52424 1.52929 1.53812 1.54281 1.56199 1.56274 1.5652  \
  1.56909 1.58732 1.59168 1.59974 1.60234 1.60619 1.60773 1.62026 1.62155 1.62299  \
  1.63076 1.63817 1.64063 1.65669 1.65786 1.65903 1.67065 1.68626 1.6923 1.69442  \
  1.69971 1.7007 1.71297 1.71911 1.72141 1.73043 1.73361 1.73994 1.74164 1.75692  \
  1.76598 1.76751 1.77615 1.783 1.78806 1.79514 1.79989 1.80355 1.80766 1.80993  \
  1.82513 1.82566 1.8269 1.83014 1.84394 1.85794 1.86073 1.86196 1.88142 1.88707  \
  1.89237 1.89796 1.8995 1.90673 1.90999 1.91696 1.92535 1.92629 1.92764 1.92901  \
  1.94736 1.94995 1.95078 1.96502 1.98291 1.98755 1.98957 1.99154 2.00567 2.00639  \
  2.00928 2.01027 2.02038 2.02398 2.02538 2.03451 2.04194 2.04809 2.04938 2.06724  \
  2.06802 2.076 2.08714 2.09231 2.09335 2.10429 2.10609 2.10853 2.10976 2.12461  \
  2.13782 2.1386 2.14559 2.14655 2.14989 2.16383 2.17337 2.17976 2.17976 2.18666  \
  2.18813 2.2036 2.20747 2.21099 2.21479 2.22901 2.2385 2.24042 2.24576 2.25059  \
  2.2535 2.26998 2.27207 2.27571 2.27712 2.29381 2.29758 2.29985 2.31279 2.31788  \
  2.32596 2.33633 2.33964 2.34136 2.34527 2.35198 2.36806 2.36934 2.37397 2.38169  \
  2.38465 2.38879 2.39294 2.39627 2.40407 2.4118 2.41852 2.42036 2.42471 2.43917  \
  2.44021 2.44507 2.45788 2.46315 2.46429 2.48321 2.48585 2.48771 2.49372 2.50358  \
  2.50449 2.51832 2.51966 2.52189 2.52862 2.53543 2.54243 2.54338 2.55364 2.56084  \
  2.57418 2.57894 2.58067 2.58145 2.59712 2.59835 2.60434 2.61845 2.62123 2.62227  \
  2.63062 2.63475 2.65083 2.65193 2.65395 2.65931 2.66235 2.68134 2.68383 2.68714  \
  2.68918 2.69562 2.70051 2.70445 2.71813 2.72134 2.73261 2.73559 2.74769 2.74917  \
  2.75014 2.75102 2.77252 2.77586 2.77948 2.78579 2.79352 2.79794 2.79909 2.80111  \
  2.81317 2.81588 2.82229 2.84808 2.8502 2.85251 2.85343 2.86515 2.86705 2.88036  \
  2.88304 2.88405 2.88917 2.90545 2.90827 2.91032 2.91168 2.91779 2.92859 2.94174  \
  2.94259 2.94359 2.95836 2.9642 2.96504 2.97129 2.98265 2.9917 2.99423 2.99679  \
  3.00068 3.01121 3.01436 3.01603 3.02451 3.03453 3.03741 3.05229 3.05681 3.0601  \
  3.06227 3.07285 3.08798 3.08912 3.09658 3.09927 3.10202 3.1056 3.11815 3.12593  \
  3.13048 3.13117 3.13955 3.14024 3.15188 3.16602 3.1672 3.17056 3.1879 3.18906  \
  3.19742 3.20088 3.2065 3.20929 3.21199 3.23008 3.23097 3.23816 3.24343 3.24782  \
  3.25518 3.26022 3.2629 3.26888 3.28199 3.29031 3.30565 3.30612 3.30685 3.30978  \
  3.3212 3.32317 3.33151 3.33329 3.34534 3.34835 3.35181 3.35293 3.36137 3.36735  \
  3.38483 3.38702 3.38841 3.40303 3.4062 3.4116 3.42082 3.42527 3.43008 3.43142  \
  3.44323 3.44449 3.45022 3.45581 3.45768 3.47484 3.47633 3.47926 3.49521 3.49521  \
  3.50142 3.51372 3.51457 3.51673 3.51835 3.5345 3.54441 3.55321 3.55445 3.5561  \
  3.5739 3.57582 3.5819 3.58639 3.59703 3.60095 3.6061 3.61129 3.61857 3.6211  \
  3.62569 3.63971 3.64257 3.65237 3.65458 3.65745 3.6722 3.67891 3.68675 3.68783  \
  3.69568 3.70576 3.70698 3.70849 3.72074 3.72484 3.72624 3.73487 3.73838 3.75665  \
  3.75821 3.76734 3.77416 3.78067 3.78176 3.78901 3.79348 3.79483 3.80232 3.81548  \
  3.82473 3.83182 3.83314 3.83754 3.85504 3.86318 3.86429 3.86522 3.87512 3.87967  \
  3.89296 3.89737 3.90266 3.9061 3.91008 3.91168 3.92627 3.92923 3.93197 3.93398  \
  3.95434 3.95614 3.96345 3.97273 3.9774 3.98577 3.99481 3.99683 4.00471 4.00591  \
  4.00855 4.01261 4.02472 4.02748 4.02854 4.03056 4.04717 4.05855 4.06393 4.06651  \
  4.07129 4.0875 4.09396 4.10019 4.10128 4.10868 4.11037 4.11209 4.1132 4.12016  \
  4.12213 4.12867 4.13068 4.14531 4.15646 4.16702 4.1745 4.17579 4.1793 4.19233  \
  4.19645 4.20205 4.21431 4.2162 4.21936 4.22815 4.23601 4.24326 4.24534 4.24808  \
  4.25187 4.26975 4.2716 4.28165 4.2832 4.29982 4.3052 4.30823 4.31325 4.31586  \
  4.31894 4.32403 4.34 4.34243 4.34349 4.34445 4.35281 4.36355 4.37633 4.38141  \
  4.39215 4.39461 4.39578 4.40616 4.41329 4.41412 4.41604 4.42758 4.4298 4.43446  \
  4.44045 4.44716 4.44998 4.4699 4.47096 4.47258 4.48375 4.49321 4.50138 4.50425  \
  4.50624 4.51203 4.52376 4.52947 4.53461 4.54385 4.54699 4.55604 4.56374 4.56936  \
  4.5841 4.58554 4.5959 4.59726 4.61129 4.61302 4.61596 4.6195 4.62631 4.63049  \
  4.63894 4.64623 4.64751 4.65492 4.67191 4.67421 4.67561 4.68482 4.69661 4.69968  \
  4.71162 4.71425 4.71523 4.72353 4.72539 4.73021 4.73383 4.74197 4.74706 4.75495  \
  4.76886 4.76963 4.77949 4.78307 4.79129 4.79423 4.81103 4.81245 4.81351 4.81488  \
  4.81708 4.82913 4.83285 4.84411 4.84648 4.85212 4.86907 4.87527 4.88028 4.88869  \
  4.89489 4.89892 4.91011 4.91135 4.91292 4.9139 4.92006 4.93235 4.93885 4.94148  \
  4.94977 4.96443 4.97279 4.97742 4.98292 4.98469 4.99124 4.99204 4.99916 4.99916  \
  4.99956 4.99981 4.99986 4.99992 4.99998 4.99998 4.99999 4.99999 4.99999 4.99999  \
  5 5 5 5 5 5 5 5 5 5  \
  5 5 5 5 5 5 5 5 5 5  \
  5 5 5 5 5 5 5 5 5 5  \
  5 5 5 5 5 5 5 5 5 5  \
  5 5 5 5 5 5 5 5 5 5  \
  5 5 5 5 5 5 5 5 5 5  \
  0 0 0 0 0 0 0 0 0 0  \
  0 0 0 0 0 0 0 0 0 0  \
  0 0 0 0 0 0 0 0 0 0  \
  0 0 0 0 0 0 0 0 0 0  \
  0 0 0 0 0 0 0 0 0 0  \
  0 0 0 0 0 0 0 0 0 0  \
  0 0 0 0 0 0 0 0 0 0  \
  0 0 0 0 0 0 0 0 0 0  \
  0 0 0 0 0 0 0 0 0 0  \
  0 0 0 0 0 0 0 0 0 0  \
  0 0 0 0 0 0 0 0 0 0  \
  0 0 0 0 0 0 0 0 0 0  \
  0 0 0 0 0 0 0 0 0 0  \
  0 0 0 0 0 0 0 0 0.000898008 0.00823965  \
  0.0115533 0.0199138 0.0217144 0.0294629 0.0315879 0.0390855 0.0407378 0.0503068 0.0518994 0.0620176  \
  0.0755291 0.0801522 0.0816423 0.0934449 0.105635 0.107707 0.114221 0.117247 0.124081 0.12937  \
  0.130352 0.140781 0.145774 0.153621 0.166566 0.171659 0.184792 0.186305 0.190476 0.202624  \
  0.205713 0.206739 0.21159 0.226878 0.231622 0.234608 0.235783 0.241321 0.245904 0.250229  \
  0.26991 0.270935 0.277761 0.285034 0.287539 0.305617 0.306232 0.307016 0.319487 0.326818  \
  0.330287 0.335772 0.342135 0.343162 0.344904 0.351351 0.352399 0.360202 0.367558 0.369588  \
  0.37869 0.379337 0.387742 0.394827 0.398186 0.403796 0.409024 0.432522 0.435207 0.436262  \
  0.441883 0.448146 0.452641 0.457747 0.463407 0.470538 0.477297 0.484126 0.485364 0.490785  \
  0.494102 0.510557 0.520751 0.531662 0.535293 0.537713 0.539905 0.549658 0.550797 0.559995  \
  0.565594 0.569201 0.576824 0.577315 0.581258 0.592707 0.595505 0.614749 0.616057 0.624873  \
  0.640213 0.641352 0.644723 0.649939 0.657371 0.659325 0.660773 0.67311 0.677276 0.679788  \
  0.685786 0.690328 0.697601 0.722191 0.722825 0.727475 0.735694 0.741853 0.746713 0.748168  \
  0.750825 0.756822 0.762971 0.772495 0.781881 0.78386 0.788728 0.789256 0.801381 0.817822  \
  0.821274 0.829132 0.830335 0.841787 0.843358 0.851113 0.858554 0.859197 0.861233 0.871652  \
  0.879839 0.880753 0.881598 0.884989 0.896293 0.913516 0.917711 0.920364 0.926579 0.926766  \
  0.927181 0.93805 0.940764 0.942358 0.947333 0.953752 0.968047 0.974907 0.975831 0.97694  \
  0.990194 1.00921 1.0107 1.0124 1.01493 1.01981 1.0279 1.03263 1.03584 1.03656  \
  1.05054 1.05354 1.06906 1.07031 1.07446 1.07701 1.08674 1.09757 1.10398 1.10756  \
  1.11205 1.11912 1.12867 1.13286 1.1388 1.14194 1.14461 1.15875 1.16114 1.16397  \
  1.16527 1.17964 1.19623 1.19858 1.20172 1.20397 1.21747 1.21917 1.21982 1.22697  \
  1.22869 1.23329 1.23909 1.24779 1.26222 1.2659 1.2741 1.27516 1.29448 1.30045  \
  1.30113 1.30716 1.31803 1.32243 1.32386 1.32783 1.32894 1.33223 1.3482 1.34919  \
  1.35565 1.3636 1.36653 1.36771 1.3935 1.39595 1.40607 1.40922 1.41159 1.424  \
  1.42845 1.44085 1.44467 1.44923 1.46476 1.46664 1.46881 1.47431 1.47782 1.48174  \
  1.49035 1.49602 1.49968 1.50139 1.51664 1.51731 1.52424 1.52594 1.54174 1.54336  \
  1.56001 1.56416 1.56617 1.5761 1.57728 1.57999 1.58497 1.59251 1.6 1.60194  \
  1.6119 1.61359 1.62065 1.62529 1.63903 1.64777 1.65846 1.6622 1.66881 1.67219  \
  1.67696 1.68122 1.68237 1.68859 1.69217 1.7035 1.70695 1.7154 1.7269 1.7335  \
  1.74087 1.74818 1.75762 1.76216 1.76293 1.77581 1.78081 1.78289 1.78618 1.79189  \
  1.79989 1.80927 1.81732 1.82043 1.82396 1.82712 1.83645 1.8424 1.85939 1.86391  \
  1.86668 1.87364 1.87836 1.87936 1.88502 1.89629 1.90287 1.90412 1.90822 1.91765  \
  1.92389 1.92668 1.93067 1.95564 1.97204 1.97295 1.98275 1.98953 2.00025 2.0021  \
  2.00391 2.00707 2.015 2.01857 2.02561 2.02623 2.02902 2.03802 2.05951 2.06164  \
  2.06481 2.06812 2.08097 2.08863 2.10149 2.10422 2.10685 2.11123 2.11354 2.12278  \
  2.12375 2.13106 2.13297 2.144 2.15371 2.15918 2.16703 2.17276 2.18127 2.18831  \
  2.19215 2.19323 2.20627 2.20724 2.21598 2.2244 2.2284 2.23173 2.23268 2.24441  \
  2.25292 2.26409 2.27033 2.27882 2.28787 2.29113 2.29937 2.30505 2.3064 2.30916  \
  2.31578 2.3169 2.3255 2.33569 2.34019 2.35132 2.35494 2.36688 2.3679 2.36895  \
  2.38625 2.38984 2.39442 2.40404 2.40531 2.41438 2.4176 2.41857 2.43206 2.43531  \
  2.44303 2.44406 2.44871 2.45547 2.46704 2.47045 2.47765 2.4821 2.4841 2.49058  \
  2.51263 2.51569 2.52869 2.53103 2.53693 2.55071 2.56264 2.56388 2.56722 2.56754  \
  2.56783 2.58169 2.5906 2.59229 2.60891 2.61306 2.61359 2.61411 2.63535 2.63946  \
  2.64582 2.64737 2.65419 2.66081 2.66212 2.66728 2.66975 2.67728 2.67928 2.68353  \
  2.70259 2.7118 2.71543 2.71879 2.71981 2.73523 2.74082 2.74444 2.75708 2.76031  \
  2.76153 2.76454 2.76684 2.77232 2.78413 2.78547 2.79784 2.80471 2.81195 2.81971  \
  2.8317 2.84181 2.84251 2.85125 2.85254 2.85582 2.85815 2.8663 2.87125 2.87401  \
  2.87738 2.89114 2.9006 2.90161 2.91097 2.92347 2.92459 2.93787 2.94285 2.94366  \
  2.94483 2.95575 2.95699 2.96569 2.96646 2.97663 2.98011 2.98395 2.99318 2.99497  \
  3.00947 3.01071 3.01748 3.02923 3.03418 3.03837 3.05512 3.071 3.07904 3.0814  \
  3.10822 3.11695 3.11904 3.1201 3.13805 3.13964 3.14158 3.14244 3.14949 3.15063  \
  3.16092 3.16224 3.16508 3.17421 3.18435 3.20475 3.20602 3.21168 3.21453 3.22567  \
  3.2294 3.2361 3.23716 3.24505 3.24652 3.25714 3.26178 3.2711 3.27198 3.27302  \
  3.28005 3.29579 3.30205 3.31036 3.31738 3.31856 3.32196 3.33612 3.3396 3.34613  \
  3.35252 3.35689 3.36357 3.3646 3.37066 3.3761 3.38899 3.39591 3.39698 3.41641  \
  3.41707 3.4176 3.41834 3.43015 3.43677 3.44282 3.44941 3.45456 3.46315 3.46425  \
  3.46585 3.48057 3.48463 3.49365 3.49992 3.508 3.51383 3.51952 3.5288 3.52982  \
  3.53667 3.5375 3.54677 3.55737 3.55911 3.56022 3.56121 3.57044 3.58273 3.59635  \
  3.60973 3.62202 3.62662 3.63165 3.64652 3.64655 3.64774 3.66157 3.66268 3.66924  \
  3.67129 3.67869 3.69104 3.6947 3.69705 3.70726 3.71784 3.72336 3.72988 3.73144  \
  3.73504 3.74775 3.74917 3.75601 3.75729 3.76419 3.76789 3.77761 3.79317 3.7962  \
  3.80099 3.81272 3.82215 3.82393 3.82962 3.83214 3.8369 3.84038 3.84546 3.8462  \
  3.86791 3.8698 3.8724 3.88565 3.89203 3.89513 3.90477 3.90772 3.9233 3.92861  \
  3.93104 3.93208 3.94193 3.94303 3.95053 3.96218 3.97013 3.97787 3.98253 3.98433  \
  3.99329 4.00318 4.00711 4.01336 4.01946 4.02391 4.02626 4.02794 4.0353 4.04039  \
  4.04536 4.05506 4.06346 4.06908 4.07443 4.07722 4.08908 4.09162 4.09839 4.11192  \
  4.11431 4.1151 4.12856 4.13024 4.13495 4.14683 4.1563 4.16802 4.17346 4.18787  \
  4.19036 4.19201 4.20007 4.21054 4.21828 4.21985 4.22669 4.22982 4.23906 4.24494  \
  4.25511 4.26306 4.26563 4.27771 4.27885 4.28793 4.29442 4.29509 4.29582 4.3124  \
  4.31353 4.31724 4.32422 4.32534 4.33819 4.34161 4.35402 4.35483 4.35936 4.37916  \
  4.38221 4.38456 4.38823 4.39846 4.40276 4.4082 4.4152 4.42045 4.42173 4.42354  \
  4.43525 4.44592 4.44783 4.45741 4.4599 4.47798 4.48052 4.49371 4.49468 4.49933  \
  4.5065 4.51023 4.51133 4.51209 4.51788 4.52958 4.53104 4.53861 4.54497 4.5519  \
  4.55702 4.57842 4.58422 4.58768 4.58859 4.5902 4.59548 4.60395 4.60757 4.6114  \
  4.61235 4.62624 4.63371 4.64591 4.64786 4.65186 4.65523 4.67429 4.67946 4.68205  \
  4.68278 4.70553 4.70654 4.71519 4.71751 4.7377 4.74852 4.76946 4.77222 4.78424  \
  4.78589 4.78722 4.79967 4.80367 4.80808 4.81503 4.81603 4.82347 4.82494 4.84312  \
  4.84889 4.85241 4.85443 4.86444 4.87591 4.8834 4.88609 4.89109 4.9045 4.90747  \
  4.91082 4.91196 4.91776 4.92392 4.9324 4.94235 4.95014 4.95188 4.963 4.96809  \
  4.98124 4.98425 4.98922 4.99417 4.99848 4.99973 4.9998 4.99993 4.99994 4.99996  \
  4.99996 4.99999 4.99999 4.99999 5 5 5 5 5 5  \
  5 5 5 5 5 5 5 5 5 5  \
  5 5 5 5 5 5 5 5 5 5  \
  5 5 5 5 5 5 5 5 5 5  \
  5 5 5 5 5 5 5 5 5 5  \
  5 5 5 5 5 5 5 5 5 5  \
  5 5 5 5 5 5 5 5 5 5  \
  0 0 0 0 0 0 0 0 0 0  \
  0 0 0 0 0 0 0 0 0 0  \
  0 0 0 0 0 0 0 0 0 0  \
  0 0 0 0 0 0 0 0 0 0  \
  0 0 0 0 0 0 0 0 0 0  \
  0 0 0 0 0 0 0 0 0 0  \
  0 0 0 0 0 0 0 0 0 0  \
  0 0 0 0 0 0 0 0 0 0  \
  0 0 0 0 0 0 0 0 0 0  \
  0 0 0 0 0 0 0 0 0 0  \
  0 0 0 0 0 0 0 0 0 0  \
  0 0 0 0 0 0 0 0 0 0  \
  0 0 0 0 0 0 0 0.000624025 0.00926618 0.0207145  \
  0.0216329 0.0231635 0.030797 0.0386503 0.0624221 0.0678892 0.0699614 0.0732424 0.0751812 0.0909231  \
  0.0922654 0.0930268 0.0936704 0.0941375 0.109091 0.116818 0.122313 0.123741 0.129609 0.140092  \
  0.15756 0.160943 0.168597 0.171685 0.174448 0.179656 0.190375 0.195967 0.198781 0.200575  \
  0.20718 0.216391 0.223409 0.224951 0.230705 0.249304 0.254736 0.258476 0.259437 0.27443  \
  0.275336 0.277479 0.27992 0.294218 0.295745 0.297075 0.312362 0.314901 0.321506 0.323441  \
  0.324913 0.333947 0.349258 0.350435 0.358202 0.37434 0.376055 0.377025 0.379643 0.389835  \
  0.396232 0.396888 0.415184 0.418014 0.420903 0.421554 0.42571 0.440083 0.449447 0.453391  \
  0.459306 0.471555 0.474561 0.476979 0.478168 0.486625 0.500071 0.501033 0.510389 0.518145  \
  0.519444 0.521159 0.525751 0.543047 0.548918 0.552937 0.555394 0.574213 0.576968 0.583534  \
  0.586206 0.600304 0.603047 0.603565 0.610744 0.619704 0.623212 0.624166 0.626627 0.634213  \
  0.641384 0.658401 0.663715 0.666937 0.674736 0.677483 0.688072 0.694814 0.701906 0.702542  \
  0.703174 0.70994 0.723201 0.724485 0.725015 0.730992 0.744909 0.753802 0.767904 0.769003  \
  0.779529 0.785404 0.791377 0.792311 0.801216 0.802237 0.808834 0.80991 0.82029 0.821531  \
  0.828458 0.845738 0.848046 0.856543 0.861209 0.87201 0.879765 0.883525 0.884643 0.885432  \
  0.896158 0.899659 0.904035 0.905036 0.922407 0.92367 0.927395 0.934973 0.936218 0.949389  \
  0.957415 0.961367 0.970967 0.976034 0.980433 0.983349 0.997191 0.999848 1.00157 1.01196  \
  1.02071 1.02158 1.0241 1.02795 1.03608 1.04421 1.05854 1.06511 1.06864 1.07179  \
  1.08071 1.08328 1.09443 1.09852 1.10578 1.11543 1.11712 1.11892 1.12019 1.12257  \
  1.13945 1.14641 1.15086 1.16328 1.17321 1.17597 1.17903 1.18646 1.18992 1.19115  \
  1.20871 1.21149 1.21462 1.21582 1.22111 1.23884 1.24126 1.25024 1.25156 1.2636  \
  1.26525 1.26907 1.2753 1.27723 1.28949 1.30058 1.30669 1.31386 1.31486 1.3214  \
  1.32435 1.33755 1.34144 1.34248 1.35417 1.36393 1.36618 1.36703 1.37667 1.38099  \
  1.38986 1.39136 1.40686 1.41021 1.4138 1.42243 1.42417 1.43393 1.43737 1.44426  \
  1.44537 1.45662 1.46316 1.46625 1.47071 1.49245 1.49344 1.49629 1.50423 1.51266  \
  1.51347 1.51527 1.53386 1.53569 1.53657 1.5376 1.55073 1.56268 1.56693 1.57029  \
  1.57445 1.58622 1.59114 1.59476 1.60845 1.60906 1.60965 1.61157 1.62372 1.62454  \
  1.63264 1.6408 1.64209 1.64815 1.66612 1.67047 1.68313 1.68732 1.69037 1.69453  \
  1.70242 1.71663 1.71733 1.72113 1.73523 1.7365 1.73903 1.74024 1.75285 1.75805  \
  1.77305 1.77685 1.78377 1.79409 1.79523 1.79813 1.80211 1.81307 1.81488 1.82413  \
  1.82804 1.83194 1.84026 1.84221 1.84433 1.85298 1.87737 1.87862 1.88703 1.88767  \
  1.89059 1.89295 1.9085 1.91116 1.91359 1.91678 1.92381 1.92897 1.9373 1.9441  \
  1.94588 1.95045 1.97321 1.97579 1.97649 1.97707 1.9947 1.99753 2.01282 2.01637  \
  2.01695 2.01735 2.02161 2.03162 2.0383 2.04049 2.04783 2.05617 2.07246 2.07529  \
  2.08011 2.08806 2.09536 2.09858 2.11084 2.11602 2.11727 2.11869 2.12488 2.13557  \
  2.14344 2.14585 2.14684 2.16258 2.16419 2.17418 2.18398 2.18794 2.19764 2.20344  \
  2.2093 2.21296 2.21884 2.22212 2.22491 2.23293 2.2437 2.24532 2.25732 2.2582  \
  2.26586 2.28096 2.28193 2.29903 2.30117 2.30466 2.31057 2.3143 2.31977 2.32319  \
  2.32775 2.33653 2.34505 2.35802 2.36058 2.3614 2.36233 2.38516 2.39012 2.39486  \
  2.39629 2.40404 2.40544 2.41621 2.41804 2.42067 2.43223 2.44086 2.44389 2.45385  \
  2.45808 2.46189 2.46981 2.48221 2.48291 2.48973 2.49068 2.49601 2.51072 2.51461  \
  2.52349 2.53252 2.53823 2.54075 2.55281 2.55354 2.55852 2.55956 2.57357 2.58237  \
  2.58638 2.59391 2.59708 2.60174 2.60583 2.61621 2.62157 2.62601 2.63661 2.63734  \
  2.63848 2.64492 2.6521 2.66103 2.67804 2.68276 2.68686 2.69048 2.69182 2.70419  \
  2.7075 2.71381 2.73211 2.73298 2.73384 2.74451 2.74926 2.75126 2.7609 2.76342  \
  2.77538 2.78063 2.78157 2.78471 2.79501 2.7991 2.8012 2.80985 2.82948 2.83231  \
  2.8412 2.84962 2.8506 2.85237 2.85942 2.87479 2.87774 2.884 2.89047 2.89129  \
  2.89398 2.90361 2.90784 2.91224 2.92162 2.92806 2.93394 2.94726 2.94837 2.95057  \
  2.96352 2.96703 2.96798 2.9735 2.98703 2.99491 2.99613 3.01145 3.01441 3.03048  \
  3.04172 3.04501 3.04624 3.05396 3.06431 3.06592 3.06723 3.07725 3.07868 3.08422  \
  3.1019 3.10475 3.10811 3.11557 3.12937 3.13048 3.13971 3.14171 3.14813 3.15739  \
  3.15921 3.16 3.16912 3.171 3.17945 3.18526 3.19853 3.20332 3.20607 3.21874  \
  3.23625 3.23732 3.23885 3.24185 3.25174 3.25281 3.25547 3.26083 3.26208 3.2731  \
  3.27856 3.28706 3.29682 3.30895 3.31536 3.31635 3.32965 3.33436 3.34075 3.34871  \
  3.35297 3.35528 3.35806 3.36142 3.36536 3.37751 3.38054 3.38529 3.39331 3.40409  \
  3.40506 3.41426 3.42448 3.4332 3.4351 3.43683 3.44177 3.45294 3.45462 3.45953  \
  3.46287 3.46393 3.4693 3.47599 3.49852 3.50213 3.50349 3.53095 3.53581 3.53661  \
  3.53753 3.54546 3.54618 3.56173 3.56355 3.56649 3.57639 3.5867 3.58813 3.59243  \
  3.60813 3.62126 3.63156 3.63259 3.63384 3.63724 3.63889 3.65251 3.65374 3.65878  \
  3.6597 3.66941 3.67119 3.69685 3.69833 3.70088 3.70344 3.71801 3.72489 3.72867  \
  3.72867 3.73303 3.74588 3.75238 3.7535 3.7545 3.76641 3.76743 3.76856 3.79367  \
  3.80153 3.80537 3.8129 3.827 3.82949 3.83759 3.83863 3.84103 3.84276 3.84736  \
  3.85905 3.86625 3.86881 3.88137 3.88333 3.88399 3.90136 3.90511 3.91014 3.91773  \
  3.93388 3.9379 3.93929 3.9429 3.94696 3.95946 3.96093 3.96915 3.9799 3.9811  \
  4.00431 4.00539 4.00765 4.00912 4.02214 4.0351 4.03951 4.04123 4.05375 4.05517  \
  4.05906 4.06023 4.07419 4.07804 4.08065 4.08274 4.09986 4.10197 4.10312 4.11711  \
  4.1251 4.12998 4.13531 4.14202 4.14617 4.15251 4.15411 4.15624 4.16068 4.17413  \
  4.1764 4.18804 4.19251 4.1974 4.20099 4.2067 4.2202 4.22225 4.23358 4.24277  \
  4.24496 4.24817 4.25678 4.25836 4.26559 4.28099 4.28309 4.28502 4.29271 4.30203  \
  4.30477 4.32254 4.32337 4.32444 4.32928 4.33187 4.3435 4.34498 4.35344 4.35599  \
  4.36692 4.37588 4.37692 4.37925 4.38963 4.4001 4.40143 4.40987 4.4108 4.4274  \
  4.43081 4.43967 4.44534 4.45117 4.45477 4.45792 4.46627 4.46746 4.4805 4.49034  \
  4.49363 4.49613 4.51157 4.51527 4.52502 4.53455 4.53675 4.53886 4.54593 4.5584  \
  4.57298 4.58584 4.5942 4.60635 4.60723 4.60925 4.61786 4.61924 4.62911 4.63232  \
  4.63753 4.6487 4.65484 4.65719 4.65809 4.67201 4.68611 4.6898 4.69094 4.69794  \
  4.70035 4.71214 4.71396 4.71489 4.72357 4.72545 4.74333 4.74722 4.75791 4.76006  \
  4.76514 4.76601 4.78532 4.78817 4.79037 4.8012 4.80555 4.8094 4.81965 4.82162  \
  4.82555 4.82771 4.83961 4.84049 4.85383 4.86025 4.86218 4.86696 4.88276 4.8865  \
  4.88902 4.90513 4.90692 4.90774 4.91728 4.92143 4.9277 4.93469 4.94005 4.94392  \
  4.9527 4.95389 4.95675 4.96742 4.97866 4.98057 4.99366 4.99918 4.99997 5  \
  5 5 5 5 5 5 5 5 5 5  \
  5 5 5 5 5 5 5 5 5 5  \
  5 5 5 5 5 5 5 5 5 5  \
  5 5 5 5 5 5 5 5 5 5  \
  5 5 5 5 5 5 5 5 5 5  \
  5 5 5 5 5 5 5 5 5 5  \
  5 5 5 5 5 5 5 5 5 5  \
  5 5 5 5 5 5 5 5 5 5  \
  0 0 0 0 0 0 0 0 0 0  \
  0 0 0 0 0 0 0 0 0 0  \
  0 0 0 0 0 0 0 0 0 0  \
  0 0 0 0 0 0 0 0 0 0  \
  0 0 0 0 0 0 0 0 0 0  \
  0 0 0 0 0 0 0 0 0 0  \
  0 0 0 0 0 0 0 0 0 0  \
  0 0 0 0 0 0 0 0 0 0  \
  0 0 0 0 0 0 0 0 0 0  \
  0 0 0 0 0 0 0 0 0 0  \
  0 0 0 0 0 0 0 0 0 0  \
  0 0 0 0 0 0 0 0 0 0  \
  0 0 0 0 0.000771188 0.00457204 0.00764105 0.0190987 0.0227736 0.0293917  \
  0.0318194 0.0378748 0.0474635 0.0562534 0.0579099 0.0802901 0.0815216 0.0843467 0.0876439 0.100805  \
  0.102151 0.103335 0.105011 0.11414 0.122666 0.123225 0.131023 0.138715 0.147226 0.148509  \
  0.157975 0.177114 0.185569 0.189299 0.191168 0.197558 0.202165 0.215878 0.221657 0.222708  \
  0.227146 0.241614 0.246088 0.249747 0.253957 0.257518 0.262987 0.277765 0.27869 0.289538  \
  0.2935 0.294389 0.312941 0.313775 0.319331 0.322762 0.332803 0.340035 0.34225 0.353074  \
  0.356497 0.362073 0.364642 0.383005 0.387439 0.390131 0.392275 0.410048 0.411806 0.417071  \
  0.418236 0.432392 0.433762 0.434922 0.444133 0.451377 0.454029 0.461882 0.47212 0.49284  \
  0.493635 0.494217 0.496082 0.513961 0.515999 0.524632 0.527898 0.527917 0.529995 0.536526  \
  0.55339 0.556278 0.561421 0.571938 0.576018 0.584171 0.585379 0.594971 0.598977 0.61985  \
  0.620676 0.621298 0.626795 0.640346 0.641864 0.644178 0.648164 0.660255 0.671272 0.674805  \
  0.6922 0.698193 0.699208 0.700931 0.710225 0.728363 0.72991 0.730996 0.732573 0.738924  \
  0.749618 0.750358 0.751094 0.753399 0.768453 0.775961 0.789566 0.790464 0.797632 0.805651  \
  0.822606 0.828598 0.829759 0.83027 0.840032 0.841976 0.845509 0.85378 0.858214 0.864049  \
  0.877557 0.888703 0.889687 0.898068 0.898926 0.915262 0.926983 0.929246 0.932937 0.936552  \
  0.938252 0.942435 0.953617 0.958669 0.960601 0.971524 0.981152 0.985586 0.989375 0.990115  \
  0.997276 1.00409 1.01874 1.02571 1.0343 1.03923 1.04642 1.04963 1.05761 1.05855  \
  1.0668 1.06767 1.07918 1.08057 1.08224 1.08463 1.10372 1.10743 1.11249 1.11745  \
  1.12399 1.13361 1.14883 1.15109 1.15503 1.15914 1.16294 1.1858 1.18746 1.18827  \
  1.19263 1.19598 1.21237 1.22065 1.22135 1.22408 1.23167 1.24588 1.25002 1.25608  \
  1.26188 1.26455 1.28166 1.28476 1.29137 1.29288 1.29722 1.30092 1.31641 1.3174  \
  1.3248 1.32603 1.33526 1.34464 1.35414 1.36019 1.36927 1.37585 1.37831 1.37918  \
  1.39576 1.40005 1.40216 1.41509 1.4201 1.4215 1.4245 1.43109 1.44373 1.44681  \
  1.45321 1.46442 1.46538 1.47181 1.48287 1.48748 1.49636 1.49731 1.4995 1.51853  \
  1.52456 1.5274 1.5332 1.53986 1.54561 1.55887 1.57094 1.57195 1.57516 1.57844  \
  1.58867 1.59229 1.59334 1.60648 1.60772 1.61933 1.622 1.62592 1.64012 1.64478  \
  1.64567 1.6586 1.6732 1.67798 1.67879 1.6799 1.69567 1.6968 1.7012 1.70274  \
  1.71678 1.71921 1.73027 1.73343 1.74054 1.74597 1.75148 1.77066 1.7739 1.77592  \
  1.77672 1.78323 1.79233 1.80145 1.80643 1.8087 1.82216 1.82451 1.82838 1.84197  \
  1.84273 1.85696 1.86012 1.86662 1.87249 1.88044 1.88237 1.89925 1.90006 1.90059  \
  1.90107 1.9016 1.91499 1.9238 1.93327 1.9386 1.94413 1.95787 1.96099 1.962  \
  1.9744 1.97555 1.98232 1.99439 1.99571 1.99898 2.00414 2.0051 2.01507 2.02132  \
  2.03454 2.04825 2.04907 2.05482 2.06623 2.069 2.0757 2.08279 2.08353 2.09354  \
  2.09846 2.11019 2.11668 2.11975 2.13023 2.14278 2.15555 2.15713 2.15882 2.17066  \
  2.17949 2.1834 2.18799 2.19232 2.19323 2.19638 2.19911 2.20962 2.21993 2.22299  \
  2.2332 2.23955 2.25392 2.26264 2.26596 2.27328 2.27389 2.2856 2.29248 2.29642  \
  2.2984 2.29921 2.30482 2.31215 2.31808 2.32653 2.34066 2.34492 2.34662 2.36188  \
  2.37217 2.37647 2.38182 2.38399 2.39431 2.39531 2.40314 2.40989 2.41658 2.42322  \
  2.42457 2.44535 2.44672 2.45495 2.46263 2.46481 2.4716 2.48128 2.48505 2.49555  \
  2.49892 2.50147 2.50663 2.51264 2.52439 2.52607 2.53249 2.53562 2.54527 2.55207  \
  2.55462 2.56435 2.57706 2.58823 2.59299 2.59382 2.60551 2.60661 2.60862 2.61939  \
  2.62373 2.62552 2.63969 2.64058 2.64957 2.65785 2.65991 2.67803 2.67958 2.69211  \
  2.69509 2.6976 2.70238 2.70519 2.71254 2.7161 2.71994 2.74097 2.74199 2.74484  \
  2.75157 2.75582 2.76223 2.77577 2.78131 2.78935 2.79497 2.79759 2.80238 2.80575  \
  2.81356 2.81836 2.82222 2.82362 2.84203 2.84368 2.84917 2.85447 2.86196 2.87238  \
  2.8795 2.89712 2.89918 2.9003 2.90139 2.90403 2.9146 2.92471 2.926 2.92827  \
  2.93596 2.93898 2.9546 2.95531 2.96887 2.97492 2.98823 2.99145 2.99905 3.00367  \
  3.00538 3.02014 3.02213 3.02397 3.03119 3.04614 3.04796 3.05347 3.05721 3.0739  \
  3.07528 3.07883 3.08868 3.10302 3.1046 3.10838 3.1129 3.12819 3.13838 3.14523  \
  3.15178 3.15362 3.16883 3.16955 3.17151 3.19051 3.19223 3.19787 3.20473 3.20918  \
  3.21659 3.23137 3.23304 3.239 3.24995 3.26013 3.26377 3.26639 3.27119 3.27224  \
  3.27337 3.29587 3.29761 3.29998 3.30917 3.31019 3.31789 3.33585 3.33908 3.34575  \
  3.34683 3.36003 3.36869 3.37094 3.37159 3.37287 3.38295 3.3938 3.39941 3.40213  \
  3.4093 3.42412 3.42696 3.44063 3.44411 3.44479 3.46092 3.46317 3.47176 3.47574  \
  3.47967 3.48141 3.48547 3.49555 3.50714 3.51152 3.5188 3.52071 3.52894 3.53666  \
  3.54277 3.55051 3.5619 3.56581 3.56758 3.57759 3.58485 3.58569 3.59031 3.60345  \
  3.61032 3.61374 3.62007 3.62766 3.63041 3.65091 3.65294 3.65565 3.6596 3.6662  \
  3.67733 3.68106 3.69059 3.69688 3.69786 3.70782 3.71491 3.72293 3.72541 3.75287  \
  3.75681 3.76301 3.76717 3.77863 3.78231 3.78421 3.79694 3.79935 3.8095 3.81031  \
  3.81521 3.81587 3.81813 3.83586 3.84367 3.8567 3.86097 3.86585 3.86598 3.88264  \
  3.88705 3.88984 3.90256 3.90557 3.91244 3.92409 3.92509 3.93027 3.93375 3.93655  \
  3.95419 3.95861 3.96855 3.97243 3.97349 3.98694 3.99531 4.00148 4.00855 4.01585  \
  4.02578 4.02636 4.02985 4.03468 4.04855 4.0506 4.05652 4.05814 4.06588 4.07859  \
  4.08837 4.10353 4.1078 4.11488 4.11682 4.1288 4.12983 4.1358 4.14202 4.14967  \
  4.15231 4.15906 4.17097 4.17542 4.17644 4.19854 4.2021 4.20306 4.2089 4.22203  \
  4.22305 4.22421 4.236 4.2405 4.24766 4.25634 4.26278 4.26645 4.27113 4.27267  \
  4.27931 4.30263 4.30857 4.31173 4.31626 4.32327 4.3246 4.33321 4.33894 4.34104  \
  4.34237 4.35321 4.36151 4.3717 4.37428 4.3762 4.37728 4.40665 4.40783 4.41097  \
  4.41513 4.42696 4.43041 4.44198 4.44502 4.45088 4.45194 4.457 4.46199 4.47216  \
  4.48118 4.48213 4.48432 4.51059 4.51545 4.51619 4.51679 4.5324 4.53393 4.53807  \
  4.54569 4.55308 4.55537 4.56304 4.57145 4.57412 4.57897 4.5897 4.59253 4.60714  \
  4.6132 4.61738 4.62246 4.6289 4.63256 4.63452 4.65673 4.66265 4.66417 4.66591  \
  4.67293 4.68171 4.68341 4.693 4.70238 4.71435 4.72284 4.73276 4.74085 4.75685  \
  4.76159 4.7673 4.77892 4.78548 4.79299 4.79913 4.80064 4.8072 4.81073 4.81977  \
  4.82535 4.83815 4.84553 4.84683 4.85589 4.86721 4.8693 4.8811 4.88413 4.89002  \
  4.89125 4.89772 4.90601 4.91272 4.91386 4.93797 4.93907 4.94067 4.95404 4.95622  \
  4.96298 4.97491 4.98112 4.98304 4.98792 4.99988 4.99995 5 5 5  \
  5 5 5 5 5 5 5 5 5 5  \
  5 5 5 5 5 5 5 5 5 5  \
  5 5 5 5 5 5 5 5 5 5  \
  5 5 5 5 5 5 5 5 5 5  \
  5 5 5 5 5 5 5 5 5 5  \
  5 5 5 5 5 5 5 5 5 5  \
  5 5 5 5 5 5 5 5 5 5  \
  5 5 5 5 5 5 5 5 5 5  \
  5 5 5 5 5 5 5 5 5 5  \
  5 5 5 5 5 5 5 5 5 5  \
  5 5 5 5 5 5 5 5 5 5  \
  0 0 0 0 0 0 0 0 0 0  \
  0 0 0 0 0 0 0 0 0 0  \
  0 0 0 0 0 0 0 0 0 0  \
  0 0 0 0 0 0 0 0 0 0  \
  0 0 0 0 0 0 0 0 0 0  \
  0 0 0 0 0 0 0 0 0 0  \
  0 0 0 0 0 0 0 0 0 0  \
  0 0 0 0 0 0 0 0 0 0  \
  0 0 0 0 0 0 0 0 0 0  \
  0 0 0 0 0 0 0 0 0 0  \
  0 0 0 0 0 0 0 0 0 0  \
  0 0 0 0 0 0 0 0 0 0  \
  0 0 0 0 0 0 1.52765e-06 0.00167278 0.00956461 0.0125267  \
  0.0166575 0.0239948 0.0305576 0.0382829 0.055553 0.0631591 0.0681179 0.0696791 0.0758401 0.0786755  \
  0.090362 0.0925847 0.101749 0.105342 0.106271 0.109343 0.114879 0.121832 0.129074 0.144459  \
  0.150564 0.162305 0.173761 0.174745 0.176714 0.191185 0.197737 0.201147 0.203313 0.208425  \
  0.210409 0.215693 0.223021 0.228012 0.239914 0.241398 0.261222 0.270919 0.271621 0.274797  \
  0.278134 0.291497 0.295684 0.29697 0.310644 0.313506 0.313564 0.314381 0.315018 0.335405  \
  0.338692 0.345171 0.355832 0.370858 0.378176 0.378793 0.37983 0.399086 0.399965 0.401049  \
  0.406662 0.410325 0.416628 0.420864 0.421527 0.435826 0.446442 0.46069 0.462943 0.470042  \
  0.473823 0.483651 0.485769 0.502778 0.504767 0.506012 0.508553 0.519106 0.520824 0.525247  \
  0.532676 0.534804 0.548198 0.549257 0.564741 0.570733 0.571788 0.584365 0.585864 0.608687  \
  0.609862 0.611683 0.613498 0.616772 0.620241 0.634575 0.638073 0.642025 0.652897 0.657364  \
  0.668906 0.674503 0.679425 0.687609 0.693565 0.698125 0.718667 0.72135 0.722069 0.725169  \
  0.726362 0.74018 0.741081 0.746443 0.757184 0.75777 0.774851 0.777845 0.782305 0.794622  \
  0.808247 0.813577 0.816434 0.820436 0.822196 0.822787 0.839478 0.842993 0.845323 0.846988  \
  0.856916 0.864061 0.87886 0.880146 0.880988 0.903398 0.910189 0.913113 0.913806 0.916426  \
  0.922248 0.926637 0.933911 0.941484 0.943473 0.950584 0.959636 0.974929 0.978039 0.983468  \
  0.990273 0.996192 1.00774 1.00837 1.01027 1.01445 1.02072 1.03419 1.03671 1.04593  \
  1.05153 1.0559 1.06342 1.06861 1.07134 1.07473 1.09026 1.0947 1.10043 1.11295  \
  1.11421 1.1183 1.12772 1.13026 1.1418 1.14612 1.15608 1.15751 1.1684 1.17464  \
  1.17596 1.17728 1.19884 1.19987 1.20409 1.20588 1.21187 1.21494 1.2268 1.23689  \
  1.2453 1.24662 1.26041 1.26364 1.26797 1.27758 1.28461 1.28556 1.29696 1.30354  \
  1.30745 1.30931 1.31028 1.32139 1.32972 1.35023 1.3511 1.35181 1.35727 1.36652  \
  1.37337 1.38172 1.39163 1.39637 1.39846 1.41398 1.41497 1.4163 1.42474 1.43157  \
  1.43276 1.45018 1.45471 1.4574 1.45981 1.46948 1.47824 1.48728 1.48838 1.49437  \
  1.49497 1.5133 1.5191 1.51975 1.52072 1.54639 1.54941 1.55725 1.5628 1.57371  \
  1.57694 1.57858 1.58051 1.58605 1.59543 1.59639 1.61782 1.62227 1.62396 1.62493  \
  1.64887 1.65007 1.65577 1.66674 1.67274 1.6747 1.67595 1.68907 1.69233 1.69401  \
  1.69465 1.70162 1.71702 1.72074 1.73024 1.73689 1.75212 1.75551 1.76236 1.76759  \
  1.77008 1.77315 1.78099 1.78335 1.78896 1.79395 1.79506 1.8117 1.8229 1.82498  \
  1.8317 1.83688 1.8491 1.85916 1.86075 1.87322 1.87521 1.87982 1.88334 1.8847  \
  1.89126 1.89272 1.89539 1.90187 1.91608 1.91837 1.93257 1.93794 1.95673 1.95776  \
  1.96486 1.96924 1.97546 1.97676 1.98837 1.99139 1.99214 1.99485 1.99656 2.0066  \
  2.01768 2.03567 2.03878 2.04952 2.0574 2.0647 2.06699 2.07265 2.0802 2.08283  \
  2.08467 2.09548 2.10446 2.11053 2.1201 2.12974 2.1329 2.14545 2.15249 2.1592  \
  2.17127 2.17296 2.17369 2.1756 2.18161 2.18829 2.19344 2.19485 2.20763 2.21546  \
  2.22729 2.23357 2.23924 2.25345 2.26278 2.26734 2.26985 2.27129 2.2761 2.28398  \
  2.28872 2.29068 2.29142 2.30229 2.31238 2.32409 2.32474 2.32719 2.34654 2.34856  \
  2.371 2.37319 2.37701 2.37767 2.38318 2.39628 2.39781 2.39906 2.40004 2.41296  \
  2.42622 2.42899 2.43127 2.43635 2.45637 2.45773 2.46619 2.47473 2.47621 2.48514  \
  2.488 2.49298 2.49508 2.4958 2.50939 2.51038 2.52855 2.53835 2.53968 2.55028  \
  2.56187 2.56379 2.56516 2.58974 2.59078 2.59175 2.59314 2.5994 2.60667 2.6103  \
  2.61159 2.61986 2.6329 2.64092 2.64744 2.64873 2.65764 2.66955 2.67494 2.68603  \
  2.68684 2.68895 2.69356 2.70929 2.71246 2.71677 2.72323 2.7324 2.73461 2.7359  \
  2.74738 2.74809 2.75136 2.76586 2.77658 2.78498 2.79281 2.79346 2.79428 2.79523  \
  2.8098 2.81357 2.81476 2.82956 2.83929 2.84026 2.84577 2.85614 2.8628 2.86381  \
  2.87924 2.87998 2.88813 2.89337 2.89984 2.9005 2.90705 2.91805 2.92477 2.92645  \
  2.93033 2.94038 2.9509 2.9584 2.96872 2.97795 2.98875 2.99289 2.99787 3.0048  \
  3.00745 3.01015 3.01412 3.01492 3.03095 3.03191 3.03345 3.04596 3.05036 3.06747  \
  3.06911 3.07019 3.0798 3.09872 3.10152 3.10892 3.11349 3.1322 3.13674 3.14505  \
  3.1511 3.15829 3.16472 3.16617 3.17068 3.17222 3.17326 3.18639 3.19529 3.20808  \
  3.21074 3.21175 3.23088 3.24029 3.24517 3.24718 3.25457 3.25776 3.26575 3.27295  \
  3.27394 3.27521 3.28074 3.29437 3.30312 3.30417 3.30829 3.31445 3.3283 3.33938  \
  3.34364 3.34493 3.35241 3.36046 3.36134 3.36564 3.37097 3.38729 3.38809 3.39002  \
  3.40493 3.40623 3.40899 3.425 3.42621 3.44348 3.4484 3.45602 3.45773 3.46331  \
  3.46866 3.47137 3.47229 3.47586 3.48911 3.50007 3.50111 3.50885 3.51699 3.51866  \
  3.5324 3.54432 3.55155 3.55952 3.56243 3.56404 3.57039 3.57338 3.57484 3.57806  \
  3.59773 3.60323 3.61001 3.61109 3.61682 3.61964 3.63381 3.64088 3.65366 3.65694  \
  3.65957 3.67074 3.67344 3.67482 3.684 3.68667 3.6998 3.70593 3.71486 3.72443  \
  3.73136 3.73656 3.752 3.7536 3.75802 3.76227 3.76535 3.77355 3.77537 3.77957  \
  3.78726 3.79774 3.80576 3.81161 3.81281 3.82627 3.8356 3.84663 3.85439 3.85648  \
  3.86147 3.86943 3.87494 3.8765 3.8849 3.88619 3.8909 3.89616 3.9125 3.91741  \
  3.9238 3.92711 3.93014 3.95047 3.95161 3.95923 3.95926 3.97464 3.97573 3.98045  \
  3.98533 3.99544 3.9964 4.00056 4.01823 4.02674 4.02809 4.03993 4.04469 4.04814  \
  4.06439 4.06536 4.07115 4.07687 4.08161 4.08293 4.09389 4.10534 4.11235 4.11886  \
  4.12044 4.12797 4.13491 4.14239 4.15131 4.15797 4.16972 4.1747 4.17913 4.18027  \
  4.18823 4.19455 4.20013 4.21139 4.21571 4.21929 4.22152 4.22563 4.23516 4.2438  \
  4.24517 4.25416 4.26495 4.27299 4.27515 4.28576 4.28709 4.29598 4.30735 4.31055  \
  4.31189 4.31342 4.31694 4.32016 4.33237 4.34239 4.35318 4.3566 4.37226 4.37309  \
  4.37924 4.3816 4.39181 4.39899 4.40143 4.4109 4.4149 4.42042 4.42193 4.42455  \
  4.43694 4.44041 4.44883 4.46454 4.4673 4.46943 4.48438 4.48548 4.48687 4.50185  \
  4.5114 4.51384 4.51611 4.52454 4.52549 4.53035 4.53144 4.54632 4.54971 4.56143  \
  4.57725 4.58102 4.5818 4.58922 4.60247 4.60819 4.61038 4.61201 4.61803 4.61968  \
  4.62582 4.63488 4.63817 4.6488 4.65369 4.6675 4.67419 4.67687 4.68836 4.68963  \
  4.70385 4.70961 4.72638 4.73172 4.74072 4.74534 4.75112 4.76765 4.77093 4.77503  \
  4.77965 4.78913 4.79492 4.7965 4.80965 4.81147 4.82205 4.82993 4.8308 4.833  \
  4.84638 4.8501 4.85244 4.86725 4.87067 4.87737 4.89096 4.89229 4.90405 4.90552  \
  4.91107 4.91191 4.91997 4.93561 4.94064 4.94174 4.94553 4.95312 4.95649 4.96151  \
  4.96523 4.97992 4.98995 4.99472 4.9976 4.99998 5 5 5 5  \
  5 5 5 5 5 5 5 5 5 5  \
  5 5 5 5 5 5 5 5 5 5  \
  5 5 5 5 5 5 5 5 5 5  \
  5 5 5 5 5 5 5 5 5 5  \
  5 5 5 5 5 5 5 5 5 5  \
  5 5 5 5 5 5 5 5 5 5  \
  5 5 5 5 5 5 5 5 5 5  \
  5 5 5 5 5 5 5 5 5 5  \
  5 5 5 5 5 5 5 5 5 5  \
  5 5 5 5 5 5 5 5 5 5 
nDetectorsTcalPar:  Int_t  4 
nChannelsTcalPar:  Int_t  3 
nSignalsTcalPar:  Int_t  12 
nTcalParsPerSignal:  Int_t  1000 
##############################################################################
##############################################################################
# Class:   SofSciRawPosPar
# Context: SofSciPosParContext
##############################################################################
[SofSciRawPosPar]
//----------------------------------------------------------------------------
RawPosPar:  Float_t \
  0 0 -0.829 1.158 -5.261 2.62 -9.055 1.443 
nDetectorsRawPosPar:  Int_t  4 
nChannelsRawPosPar:  Int_t  3 
nSignalsRawPosPar:  Int_t  4 
nRawPosParsPerSignal:  Int_t  2 
##############################################################################
##############################################################################
# Class:   SofSciRawTofPar
# Context: SofSciTofParContext
##############################################################################
[SofSciRawTofPar]
//----------------------------------------------------------------------------
RawTofPar:  Float_t \
  0 0 1905.3 1906 853 854.8 
nDetsRawTofPar:  Int_t  4 
nChannelsRawTofPar:  Int_t  3 
idDetS2:  Int_t  2 
idDetS8:  Int_t  3 
idDetCaveC:  Int_t  4 
nSignalsRawTofPar:  Int_t  3 
nRawTofParsPerSignal:  Int_t  2 
