./out_sofsci237.par-  0 0 -0.426915 -0.132543 -5.24154 -3.9587 0.396141 1.75286 
./out_sofsci238.par-  -11.1879 -9.3521 -0.426618 -0.132556 -5.24232 -3.95758 0.401461 1.75389 
./out_sofsci239.par-  0 0 -0.910629 0.345557 -5.19876 -3.89883 0.220351 1.8854 
./out_sofsci240.par-  0 0 -0.428208 -0.123339 -5.16182 -3.86153 0.221222 1.85033 
./out_sofsci241.par-  0 0 -0.430381 -0.122584 -5.1595 -3.87142 0.230086 1.82955 
./out_sofsci242.par-  -11.1879 -9.3521 -0.429242 -0.122017 -5.16688 -3.86312 0.222708 1.83591 
./out_sofsci243.par-  0 0 0 0 2.36438 2.89928 0 0 
./out_sofsci244.par-  0 0 0 0 2.26176 2.80291 0 0 
./out_sofsci245.par-  0 0 -0.420194 -0.12577 -5.2174 -3.94402 0.390866 1.75642 
./out_sofsci246.par-  0 0 -0.421882 -0.128695 -5.22439 -3.94904 0.394743 1.7563 
./out_sofsci248.par-  0 0 -0.421892 -0.128492 -5.22308 -3.94827 0.396012 1.75542 
./out_sofsci249.par-  0 0 -1.41669 1.04587 -6.14563 -3.56023 0.708305 1.77341 
./out_sofsci250.par-  0 0 -1.39152 1.05772 -6.17026 -3.38385 0.429876 2.11906 
./out_sofsci251.par-  0 0 -1.39156 1.06371 -6.16762 -3.38975 0.425217 2.1206 
./out_sofsci252.par-  0 0 -1.39632 1.02842 -6.14806 -3.51083 0.48583 1.97316 
./out_sofsci253.par-  0 0 0 0 -6.00669 -3.5655 0.47296 1.96272 
./out_sofsci254.par-  0 0 -1.54173 1.12981 -6.15047 -3.50613 0.483969 1.97284 
./out_sofsci255.par-  0 0 -1.56719 1.16764 -5.91763 -3.80198 0.429925 1.97801 
./out_sofsci256.par-  0 0 -2.02002 1.53198 -6.10881 -3.50661 0.497671 1.96196 
./out_sofsci257.par-  0 0 -3.8475 2.76592 -6.00426 -3.52647 0.516169 1.92746 
./out_sofsci258.par-  0 0 -3.8056 2.74729 -6.004 -3.52236 0.516381 1.92921 
./out_sofsci259.par-  0 0 -3.71549 2.67783 -6.00252 -3.52709 0.520881 1.92551 
./out_sofsci260.par-  0 0 -3.51349 2.51322 -6.00063 -3.52597 0.518667 1.92745 
./out_sofsci261.par-  0 0 -3.64942 2.57395 -6.00783 -3.52465 0.521294 1.92529 
./out_sofsci262.par-  0 0 -3.46495 2.34085 -5.97157 -3.55963 0.571101 1.89047 
./out_sofsci263.par-  0 0 -3.45181 2.33596 -5.96765 -3.53734 0.544334 1.95168 
./out_sofsci264.par-  0 0 -3.5376 2.46095 -5.96685 -3.53383 0.545257 1.94858 
./out_sofsci265.par-  0 0 -3.70569 2.71702 -5.96273 -3.53341 0.541854 1.95243 
./out_sofsci266.par-  0 0 -3.72393 2.73409 -5.96192 -3.53516 0.543095 1.95035 
./out_sofsci267.par-  0 0 -3.72578 2.7415 -5.96152 -3.53367 0.542581 1.95145 
./out_sofsci268.par-  0 0 -3.70885 2.72342 -5.95607 -3.53371 0.542639 1.95031 
./out_sofsci269.par-  0 0 -3.75184 2.75578 -6.07992 -3.52442 0.557529 1.95718 
./out_sofsci270.par-  0 0 -3.80289 2.79195 -5.8711 -3.71916 0.545148 1.95442 
./out_sofsci271.par-  0 0 -3.796 2.80412 -5.87269 -3.72172 0.544264 1.95271 
./out_sofsci272.par-  0 0 -2.42404 2.55108 -5.77488 -3.71468 0.46888 2.0402 
./out_sofsci273.par-  0 0 -2.40918 2.54678 -5.78035 -3.71278 0.461864 2.04052 
./out_sofsci274.par-  0 0 -2.40662 2.53716 -5.77728 -3.71228 0.461339 2.03491 
./out_sofsci275.par-  0 0 0 0 2.07031 2.97886 0 0 
./out_sofsci276.par-  0 0 -2.07909 2.23318 -5.89259 -3.57482 0.484779 2.05558 
./out_sofsci277.par-  0 0 -2.06261 2.21902 -5.88847 -3.57684 0.484754 2.05511 
./out_sofsci278.par-  0 0 -2.06712 2.22201 -5.89823 -3.56878 0.482545 2.05716 
./out_sofsci279.par-  0 0 -2.05034 2.21948 -5.89423 -3.57234 0.481048 2.05797 
./out_sofsci280.par-  0 0 -2.05843 2.22003 -5.89445 -3.57237 0.484742 2.0578 
./out_sofsci281.par-  0 0 -2.07253 2.23899 -5.89786 -3.57142 0.479601 2.05999 
./out_sofsci282.par-  0 0 -2.05749 2.22742 -5.89296 -3.57339 0.483182 2.05799 
./out_sofsci283.par-  0 0 -2.04338 2.2088 -5.89276 -3.57314 0.483742 2.05796 
./out_sofsci284.par-  0 0 -2.07612 2.24584 -5.89106 -3.57461 0.479683 2.05991 
./out_sofsci285.par-  0 0 -2.07839 2.25177 -5.89127 -3.56968 0.481237 2.0589 
./out_sofsci286.par-  0 0 -2.06184 2.23239 -5.89555 -3.57066 0.478994 2.06159 
./out_sofsci287.par-  0 0 -2.05959 2.23808 -5.89447 -3.57068 0.478991 2.06119 
./out_sofsci288.par-  0 0 -2.06947 2.23425 -5.93534 -3.56437 0.490602 2.05707 
./out_sofsci289.par-  0 0 -2.10213 2.25637 -5.95578 -3.56226 0.49909 2.05668 
./out_sofsci290.par-  0 0 -2.09609 2.20745 -5.95738 -3.56009 0.502343 2.05239 
./out_sofsci291.par-  0 0 -2.10872 2.25217 -5.95439 -3.56473 0.499179 2.05468 
./out_sofsci292.par-  0 0 -2.11083 2.25435 -5.95387 -3.56387 0.495256 2.05702 
./out_sofsci293.par-  0 0 -2.106 2.2544 -5.95644 -3.5565 0.494885 2.05809 
./out_sofsci294.par-  0 0 -2.10794 2.24906 -5.95093 -3.55649 0.49339 2.05832 
./out_sofsci295.par-  0 0 -2.11387 2.26656 -5.9504 -3.55857 0.493215 2.05868 
./out_sofsci296.par-  0 0 -2.13706 2.28818 -5.94565 -3.55063 0.499213 2.05595 
./out_sofsci297.par-  0 0 -2.11456 2.25795 -5.94827 -3.55635 0.494707 2.05753 
./out_sofsci298.par-  0 0 -2.10322 2.24712 -5.9476 -3.55603 0.494348 2.0584 
./out_sofsci299.par-  0 0 -2.09545 2.24951 -5.94738 -3.55252 0.496774 2.05695 
./out_sofsci300.par-  0 0 -2.11488 2.26285 -5.95015 -3.55046 0.496186 2.05562 
./out_sofsci301.par-  0 0 -2.11364 2.25943 -5.94898 -3.5612 0.494577 2.05694 
./out_sofsci302.par-  0 0 -2.11151 2.2494 -5.94969 -3.56162 0.494117 2.05696 
./out_sofsci303.par-  0 0 -2.24897 2.3222 0 0 0 0 
./out_sofsci304.par-  0 0 -2.0967 2.24718 -5.95304 -3.56073 0.495522 2.05645 
./out_sofsci305.par-  0 0 -2.11176 2.25376 -5.9532 -3.5585 0.494217 2.05581 
./out_sofsci306.par-  0 0 -2.10802 2.24799 -5.95063 -3.55754 0.49765 2.05269 
./out_sofsci307.par-  0 0 -2.10452 2.24823 -5.94842 -3.55575 0.495922 2.05553 
./out_sofsci308.par-  0 0 -2.09734 2.24417 -5.95093 -3.55312 0.494451 2.05568 
./out_sofsci309.par-  0 0 -2.10514 2.2558 -5.95146 -3.55546 0.496317 2.05449 
./out_sofsci310.par-  0 0 -2.10341 2.24772 -5.95014 -3.56046 0.495534 2.05525 
./out_sofsci311.par-  0 0 -2.10513 2.25527 -5.94942 -3.56449 0.494299 2.0553 
./out_sofsci312.par-  0 0 -2.09161 2.24722 -5.95411 -3.56248 0.496247 2.05244 
./out_sofsci313.par-  0 0 -2.11367 2.2641 -5.95578 -3.56469 0.492468 2.05735 
./out_sofsci314.par-  0 0 -2.05439 2.23101 -5.89157 -3.56891 0.481063 2.05556 
./out_sofsci315.par-  0 0 -2.04957 2.21603 -5.88831 -3.56791 0.479054 2.05789 
./out_sofsci316.par-  0 0 -2.09275 2.25434 -5.92323 -3.56062 0.488558 2.05719 
./out_sofsci317.par-  0 0 -2.11341 2.2597 -5.94732 -3.56211 0.49765 2.05567 
./out_sofsci318.par-  0 0 -2.08081 2.25108 -5.92455 -3.56019 0.489087 2.05714 
./out_sofsci319.par-  0 0 -2.07317 2.2454 -5.9083 -3.56241 0.483262 2.06011 
./out_sofsci320.par-  0 0 -2.03162 2.22894 -5.88785 -3.5619 0.471436 2.06876 
./out_sofsci321.par-  0 0 -2.06673 2.23721 -5.87151 -3.54289 0.463455 2.07208 
./out_sofsci322.par-  0 0 -2.08104 2.23391 -5.88065 -3.52294 0.457091 2.07868 
./out_sofsci323.par-  0 0 -2.07353 2.22992 -5.85083 -3.53405 0.450195 2.08186 
./out_sofsci324.par-  0 0 -2.07118 2.22881 -5.85315 -3.52702 0.448905 2.08189 
./out_sofsci325.par-  0 0 -2.08766 2.24424 -5.84938 -3.53021 0.45018 2.08079 
./out_sofsci326.par-  0 0 -2.07833 2.23439 -5.84661 -3.52576 0.452059 2.08043 
./out_sofsci327.par-  0 0 -2.04194 2.20671 -5.84113 -3.52841 0.459787 2.07393 
./out_sofsci328.par-  0 0 -2.07207 2.22912 -5.84952 -3.52913 0.448857 2.08147 
./out_sofsci329.par-  0 0 -2.0679 2.22848 -5.84682 -3.52891 0.45181 2.08047 
./out_sofsci330.par-  0 0 -2.07052 2.23129 -5.84824 -3.52597 0.449298 2.0814 
./out_sofsci331.par-  0 0 -2.07943 2.23864 -5.85291 -3.52802 0.448736 2.08078 
./out_sofsci332.par-  0 0 -2.0728 2.23444 -5.85053 -3.53222 0.450176 2.08079 
./out_sofsci333.par-  0 0 -2.07091 2.23953 -5.8549 -3.52976 0.449182 2.08284 
./out_sofsci334.par-  0 0 -2.05851 2.22297 -5.85237 -3.53561 0.445671 2.0854 
./out_sofsci335.par-  0 0 -2.08061 2.24162 -5.85524 -3.53341 0.450204 2.08164 
./out_sofsci336.par-  0 0 -2.08016 2.24482 -5.85353 -3.529 0.451282 2.08068 
./out_sofsci337.par-  0 0 -2.06814 2.2319 -5.85455 -3.52964 0.450118 2.0811 
./out_sofsci338.par-  0 0 -2.07971 2.24668 -5.85457 -3.52698 0.447943 2.08208 
./out_sofsci339.par-  0 0 -2.06602 2.23477 -5.8511 -3.52601 0.449046 2.08164 
./out_sofsci340.par-  0 0 -2.0752 2.24185 -5.84508 -3.52639 0.445624 2.08557 
./out_sofsci341.par-  0 0 -2.08881 2.25382 -5.84687 -3.52309 0.445708 2.08329 
./out_sofsci342.par-  0 0 -2.08154 2.24657 -5.84952 -3.52393 0.450108 2.08042 
./out_sofsci343.par-  0 0 -2.08487 2.24942 -5.84941 -3.52496 0.450004 2.08119 
./out_sofsci344.par-  0 0 -2.07755 2.24134 -5.8481 -3.52484 0.445379 2.08567 
./out_sofsci345.par-  0 0 -2.0792 2.24405 -5.85023 -3.52271 0.449202 2.08216 
./out_sofsci346.par-  0 0 -2.0819 2.24185 -5.84558 -3.52251 0.446246 2.08411 
./out_sofsci347.par-  0 0 -2.08348 2.24253 -5.84343 -3.53073 0.449662 2.08174 
./out_sofsci348.par-  0 0 -2.07206 2.23657 -5.85442 -3.52611 0.449767 2.08091 
./out_sofsci349.par-  0 0 -2.14473 2.25775 -5.84877 -3.52418 0.447236 2.08263 
./out_sofsci350.par-  0 0 -2.0767 2.24522 -5.8463 -3.52515 0.446515 2.08313 
./out_sofsci351.par-  0 0 -2.08939 2.24796 -5.84697 -3.5223 0.44364 2.08482 
./out_sofsci352.par-  0 0 -2.08633 2.23662 -5.84861 -3.52153 0.446165 2.0834 
./out_sofsci353.par-  0 0 -2.09054 2.24432 -5.84929 -3.52223 0.448341 2.08321 
./out_sofsci354.par-  0 0 -2.08163 2.23001 -5.84891 -3.52237 0.446507 2.08298 
./out_sofsci355.par-  0 0 -2.08342 2.23248 -5.85202 -3.52251 0.445425 2.08447 
./out_sofsci356.par-  0 0 -2.07329 2.21601 -5.84966 -3.51855 0.445542 2.08464 
./out_sofsci357.par-  0 0 -2.08189 2.22587 -5.85202 -3.51986 0.44285 2.08553 
./out_sofsci358.par-  0 0 -2.08457 2.23015 -5.8544 -3.52093 0.446293 2.08295 
./out_sofsci359.par-  0 0 -0.426512 -0.125174 -5.19977 -3.92626 -0.234605 2.02618 
./out_sofsci360.par-  0 0 -0.42955 -0.152305 -5.17048 -3.86321 0.217811 2.05825 
./out_sofsci361.par-  0 0 -0.429921 -0.153041 -5.16706 -3.87178 0.20411 2.06054 
./out_sofsci362.par-  0 0 -0.429146 -0.155013 -5.16673 -3.86976 0.215249 2.06181 
./out_sofsci363.par-  0 0 -0.428323 -0.153902 -5.17472 -3.87402 0.238759 2.02155 
./out_sofsci365.par-  0 0 -0.4303 -0.153927 -5.16826 -3.88034 0.236037 2.01689 
./out_sofsci366.par-  0 0 -0.431029 -0.15219 -5.17042 -3.87928 0.246127 2.0189 
./out_sofsci367.par-  0 0 -2.51508 1.96839 -5.96788 -3.52144 0.567498 1.97638 
./out_sofsci368.par-  0 0 -2.49399 1.93511 -5.96852 -3.5249 0.566782 1.97453 
./out_sofsci369.par-  0 0 -2.49443 1.93639 -5.96999 -3.52306 0.56578 1.97518 
./out_sofsci370.par-  0 0 -2.49497 1.93668 -5.97067 -3.52132 0.564652 1.97493 
./out_sofsci371.par-  0 0 -2.5086 1.94159 -5.96831 -3.52383 0.566016 1.97473 
./out_sofsci372.par-  0 0 -2.49645 1.9377 -5.9693 -3.52127 0.561483 1.97809 
./out_sofsci373.par-  0 0 -2.50461 1.93837 -5.968 -3.51937 0.562368 1.97575 
./out_sofsci374.par-  0 0 -2.49265 1.91495 -5.96797 -3.5198 0.56216 1.97582 
./out_sofsci375.par-  0 0 -2.50808 1.93691 -5.96729 -3.51655 0.561673 1.97637 
./out_sofsci376.par-  0 0 -2.50395 1.93358 -5.9704 -3.51979 0.561927 1.97473 
./out_sofsci377.par-  0 0 -2.5016 1.92956 -5.96846 -3.51725 0.560387 1.97571 
./out_sofsci378.par-  0 0 -2.49604 1.92385 -5.9695 -3.51988 0.562958 1.97583 
./out_sofsci379.par-  0 0 -2.49603 1.92097 -5.97094 -3.52168 0.562712 1.97591 
./out_sofsci380.par-  0 0 -2.50584 1.91883 -5.97158 -3.52002 0.564714 1.97422 
