./out_sofsci237.par-  0 0 1910.19 1911.22 857.157 860.722 
./out_sofsci238.par-  0 0 1910.19 1911.22 857.19 860.679 
./out_sofsci239.par-  0 0 1934.89 1936.57 867.142 870.584 
./out_sofsci240.par-  0 0 1949.97 1957.94 872.307 880.523 
./out_sofsci241.par-  0 0 1952.84 1954.06 874.183 877.664 
./out_sofsci242.par-  0 0 1944.41 1961.24 866.788 883.75 
./out_sofsci243.par-  0 0 0 0 0 0 
./out_sofsci244.par-  0 0 0 0 0 0 
./out_sofsci245.par-  0 0 1905.2 1906.24 852.18 855.638 
./out_sofsci246.par-  0 0 1905.19 1906.24 852.193 855.635 
./out_sofsci248.par-  0 0 1905.19 1906.24 852.218 855.609 
./out_sofsci249.par-  0 0 1912.57 1956.77 856.049 874.069 
./out_sofsci250.par-  0 0 1912.32 1956.96 855.942 874.169 
./out_sofsci251.par-  0 0 1912.29 1957.09 855.993 874.134 
./out_sofsci252.par-  0 0 1912.51 1956.83 856.064 874.054 
./out_sofsci253.par-  0 0 0 0 855.878 873.884 
./out_sofsci254.par-  0 0 1912.52 1956.78 856.045 874.102 
./out_sofsci255.par-  0 0 1912.85 1955.67 856.807 873.362 
./out_sofsci256.par-  0 0 1911.97 1960.53 855.851 875.241 
./out_sofsci257.par-  0 0 1913.9 1961.72 856.509 875.913 
./out_sofsci258.par-  0 0 1913.92 1961.69 856.546 875.83 
./out_sofsci259.par-  0 0 1918.97 1966.52 861.481 880.895 
./out_sofsci260.par-  0 0 1918.9 1966.77 861.501 880.877 
./out_sofsci261.par-  0 0 1918.76 1966.73 861.516 880.878 
./out_sofsci262.par-  0 0 1921.77 1972.02 861.968 883.515 
./out_sofsci263.par-  0 0 1921.52 1972.32 861.879 883.663 
./out_sofsci264.par-  0 0 1921.56 1972.26 861.911 883.62 
./out_sofsci265.par-  0 0 1921.43 1972.35 861.916 883.616 
./out_sofsci266.par-  0 0 1921.46 1972.38 861.91 883.637 
./out_sofsci267.par-  0 0 1921.57 1972.24 861.92 883.619 
./out_sofsci268.par-  0 0 1921.6 1972.14 861.88 883.661 
./out_sofsci269.par-  0 0 1921.62 1972.37 861.852 883.932 
./out_sofsci270.par-  0 0 1922.19 1971.46 862.363 883.253 
./out_sofsci271.par-  0 0 1922.03 1971.7 862.517 883.073 
./out_sofsci272.par-  0 0 1900.92 1942.68 854.88 870.976 
./out_sofsci273.par-  0 0 1900.94 1942.52 854.87 870.984 
./out_sofsci274.par-  0 0 1901.22 1942.36 854.843 871.011 
./out_sofsci275.par-  0 0 0 0 0 0 
./out_sofsci276.par-  0 0 1900.15 1943.2 854.201 871.607 
./out_sofsci277.par-  0 0 1899.67 1943.59 854.108 871.647 
./out_sofsci278.par-  0 0 1899.9 1943.44 854.168 871.608 
./out_sofsci279.par-  0 0 1900.06 1943.3 854.106 871.642 
./out_sofsci280.par-  0 0 1900.09 1943.29 854.144 871.634 
./out_sofsci281.par-  0 0 1899.98 1943.41 854.123 871.647 
./out_sofsci282.par-  0 0 1899.92 1943.64 854.167 871.629 
./out_sofsci283.par-  0 0 1900.13 1943.21 854.145 871.642 
./out_sofsci284.par-  0 0 1900.15 1943.19 854.114 871.679 
./out_sofsci285.par-  0 0 1899.85 1943.53 854.187 871.605 
./out_sofsci286.par-  0 0 1900.08 1943.22 854.169 871.652 
./out_sofsci287.par-  0 0 1899.99 1943.45 854.142 871.658 
./out_sofsci288.par-  0 0 1900.21 1943.43 854.238 871.696 
./out_sofsci289.par-  0 0 1899.85 1943.77 854.243 871.787 
./out_sofsci290.par-  0 0 1900.17 1943.86 854.372 871.659 
./out_sofsci291.par-  0 0 1900.36 1943.35 854.296 871.743 
./out_sofsci292.par-  0 0 1900.37 1943.38 854.272 871.763 
./out_sofsci293.par-  0 0 1900.2 1943.47 854.332 871.694 
./out_sofsci294.par-  0 0 1900.37 1943.32 854.293 871.749 
./out_sofsci295.par-  0 0 1900.32 1943.45 854.333 871.706 
./out_sofsci296.par-  0 0 1900.39 1943.44 854.267 871.822 
./out_sofsci297.par-  0 0 1900.22 1943.55 854.339 871.761 
./out_sofsci298.par-  0 0 1900.29 1943.43 854.335 871.77 
./out_sofsci299.par-  0 0 1900.52 1943.22 854.418 871.677 
./out_sofsci300.par-  0 0 1900.43 1943.33 854.351 871.759 
./out_sofsci301.par-  0 0 1900.21 1943.61 854.315 871.78 
./out_sofsci302.par-  0 0 1899.9 1943.95 854.298 871.784 
./out_sofsci303.par-  0 0 0 0 0 0 
./out_sofsci304.par-  0 0 1900.21 1943.43 854.305 871.769 
./out_sofsci305.par-  0 0 1900.21 1943.51 854.331 871.733 
./out_sofsci306.par-  0 0 1900.13 1943.61 854.263 871.786 
./out_sofsci307.par-  0 0 1900.14 1943.57 854.252 871.783 
./out_sofsci308.par-  0 0 1900.22 1943.37 854.267 871.758 
./out_sofsci309.par-  0 0 1900.3 1943.41 854.294 871.732 
./out_sofsci310.par-  0 0 1900.32 1943.39 854.248 871.772 
./out_sofsci311.par-  0 0 1900.38 1943.19 854.28 871.757 
./out_sofsci312.par-  0 0 1900.2 1943.47 854.245 871.795 
./out_sofsci313.par-  0 0 1900.1 1943.43 854.312 871.734 
./out_sofsci314.par-  0 0 1900.07 1943.14 854.177 871.679 
./out_sofsci315.par-  0 0 1900.03 1943.5 854.159 871.722 
./out_sofsci316.par-  0 0 1900.12 1943.39 854.239 871.78 
./out_sofsci317.par-  0 0 1900.12 1943.53 854.256 871.835 
./out_sofsci318.par-  0 0 1900.03 1943.41 854.255 871.751 
./out_sofsci319.par-  0 0 1900.14 1943.28 854.232 871.754 
./out_sofsci320.par-  0 0 1899.99 1943.53 854.151 871.767 
./out_sofsci321.par-  0 0 1900.05 1943.37 854.176 871.797 
./out_sofsci322.par-  0 0 1900.12 1943.56 854.266 871.821 
./out_sofsci323.par-  0 0 1900.01 1943.62 854.2 871.787 
./out_sofsci324.par-  0 0 1900.14 1943.52 854.256 871.748 
./out_sofsci325.par-  0 0 1900.2 1943.48 854.262 871.731 
./out_sofsci326.par-  0 0 1900.13 1943.52 854.248 871.776 
./out_sofsci327.par-  0 0 1900.22 1944.58 854.302 872.051 
./out_sofsci328.par-  0 0 1900.22 1943.5 854.274 871.755 
./out_sofsci329.par-  0 0 1900.23 1943.43 854.278 871.744 
./out_sofsci330.par-  0 0 1900.28 1943.53 854.257 871.762 
./out_sofsci331.par-  0 0 1900.25 1943.5 854.269 871.754 
./out_sofsci332.par-  0 0 1900.25 1943.52 854.277 871.753 
./out_sofsci333.par-  0 0 1900.23 1943.41 854.265 871.768 
./out_sofsci334.par-  0 0 1900.02 1943.56 854.236 871.792 
./out_sofsci335.par-  0 0 1900.25 1943.45 854.269 871.765 
./out_sofsci336.par-  0 0 1900.21 1943.58 854.281 871.751 
./out_sofsci337.par-  0 0 1900.22 1943.51 854.284 871.743 
./out_sofsci338.par-  0 0 1900.22 1943.51 854.264 871.772 
./out_sofsci339.par-  0 0 1900.19 1943.6 854.248 871.777 
./out_sofsci340.par-  0 0 1899.95 1943.74 854.229 871.794 
./out_sofsci341.par-  0 0 1900.28 1943.41 854.267 871.756 
./out_sofsci342.par-  0 0 1900.21 1943.52 854.263 871.764 
./out_sofsci343.par-  0 0 1900.17 1943.58 854.266 871.761 
./out_sofsci344.par-  0 0 1900.14 1943.59 854.254 871.779 
./out_sofsci345.par-  0 0 1900.25 1943.53 854.221 871.794 
./out_sofsci346.par-  0 0 1900.25 1943.43 854.273 871.749 
./out_sofsci347.par-  0 0 1900.36 1943.43 854.304 871.743 
./out_sofsci348.par-  0 0 1900.1 1943.68 854.265 871.737 
./out_sofsci349.par-  0 0 1900.14 1943.66 854.26 871.761 
./out_sofsci350.par-  0 0 1900.11 1943.74 854.245 871.784 
./out_sofsci351.par-  0 0 1900.13 1943.62 854.263 871.772 
./out_sofsci352.par-  0 0 1900.07 1943.7 854.247 871.805 
./out_sofsci353.par-  0 0 1899.97 1943.75 854.245 871.812 
./out_sofsci354.par-  0 0 1900.21 1943.55 854.284 871.787 
./out_sofsci355.par-  0 0 1900.09 1943.68 854.263 871.807 
./out_sofsci356.par-  0 0 1900.13 1943.67 854.271 871.785 
./out_sofsci357.par-  0 0 1900.07 1943.74 854.243 871.815 
./out_sofsci358.par-  0 0 1900.23 1943.56 854.243 871.827 
./out_sofsci359.par-  0 0 1909.99 1911.25 856.828 860.987 
./out_sofsci360.par-  0 0 1910.14 1911.17 857.111 860.839 
./out_sofsci361.par-  0 0 1910.15 1911.17 857.102 860.821 
./out_sofsci362.par-  0 0 1910.15 1911.15 857.099 860.877 
./out_sofsci363.par-  0 0 1910.15 1911.16 857.083 860.901 
./out_sofsci365.par-  0 0 1910.15 1911.16 857.108 860.873 
./out_sofsci366.par-  0 0 1910.15 1911.17 857.076 860.86 
./out_sofsci367.par-  0 0 1921.48 1973.02 861.738 884.331 
./out_sofsci368.par-  0 0 1921.8 1972.66 861.686 884.383 
./out_sofsci369.par-  0 0 1921.91 1972.63 861.665 884.421 
./out_sofsci370.par-  0 0 1921.6 1972.91 861.653 884.409 
./out_sofsci371.par-  0 0 1921.93 1972.51 861.683 884.375 
./out_sofsci372.par-  0 0 1921.97 1972.53 861.653 884.411 
./out_sofsci373.par-  0 0 1921.94 1972.6 861.647 884.406 
./out_sofsci374.par-  0 0 1921.87 1972.57 861.678 884.364 
./out_sofsci375.par-  0 0 1921.8 1972.68 861.689 884.343 
./out_sofsci376.par-  0 0 1921.88 1972.59 861.641 884.402 
./out_sofsci377.par-  0 0 1921.81 1972.68 861.666 884.369 
./out_sofsci378.par-  0 0 1921.66 1972.81 861.728 884.314 
./out_sofsci379.par-  0 0 1921.8 1972.66 861.677 884.401 
./out_sofsci380.par-  0 0 1921.7 1972.69 861.666 884.436 
