##############################################################################
# Class:   FairBaseParSet
# Context: DefaultContext
##############################################################################
[FairBaseParSet]
//----------------------------------------------------------------------------
Beam Momentum Gev/c:  Double_t  1 
Random Seed:  UInt_t  ##############################################################################
##############################################################################
# Class:   FairGeoParSet
# Context: DefaultContext
##############################################################################
[FairGeoParSet]
//----------------------------------------------------------------------------
##############################################################################
##############################################################################
# Class:   tpcCalPar
# Context: TPCCalParContext
##############################################################################
[tpcCalPar]
//----------------------------------------------------------------------------
tpcDetNumberPar:  Int_t  4 
tpcSectionNumberPar:  Int_t  6 
tpcSectionParamsFitPar:  Int_t  2 
tpcCsumMaxPar:  Float_t \
  2500 2500 2500 2500 \
  2500 2500 2500 2500 \
  2500 2500 2500 2500 \
  2500 2500 2500 2500
tpcCsumMinPar:  Float_t \
  700 700 700 700 \
  700 700 700 700 \ 
  700 700 700 700 \
  700 700 700 700 
tpcCalPar:  Float_t \
  38.1838 -0.035723 38.37 -0.034725 39.1557 -0.0364399 39.097 -0.035037 -0.5 0.070623 -1.058 0.07248 \
  36.77 -0.0362752 38.0 -0.0365182 36.123 -0.0357276 37.13 -0.0360721 -0.81 0.0716 1.9 0.070329 \
 -66.2828 0.0331967 -66.2828 0.0331967 -65.6667 0.0333333 -65.6667 0.0333333 3.0553 0.0705069 -1.64516 0.0705069 \
 -55.3533 0.0319101 -56.2174 0.0326087 -56.8351 0.0333278 -56.0082 0.0325882 -3.54545 0.0681818 -0.465032 0.0697549
##############################################################################
##############################################################################
//----------------------------------------------------------------------------
##############################################################################
##############################################################################
# Class:   mwpc0CalPar
# Context: Mwpc0CalParContext
##############################################################################
[mwpc0CalPar]
//----------------------------------------------------------------------------
mwpc0CalPar:  Int_t \
  0 0 0 0 0 0 0 0 0 0  \
  0 0 0 0 0 0 0 0 0 0  \
  0 0 0 0 0 0 0 0 0 0  \
  0 0 0 0 0 0 0 0 0 0  \
  0 0 0 0 0 0 0 0 0 0  \
  0 0 0 0 0 0 0 0 0 0  \
  0 0 0 0 0 0 0 0 0 0  \
  0 0 0 0 0 0 0 0 0 0  \
  0 0 0 0 0 0 0 0 0 0  \
  0 0 0 0 0 0 0 0 0 0  \
  0 0 0 0 0 0 0 0 0 0  \
  0 0 0 0 0 0 0 0 0 0  \
  0 0 0 0 0 0 0 0 0 0  \
  0 0 0 0 0 0 0 0 0 0  \
  0 0 0 0 0 0 0 0 0 0  \
  0 0 0 0 0 0 0 0 0 0  \
  0 0 0 0 0 0 0 0 0 0  \
  0 0 0 0 0 0 0 0 0 0  \
  0 0 0 0 0 0 0 0 0 0  \
  0 0 0 0 0 0 0 0 0 0  \
  0 0 0 0 0 0 0 0 0 0  \
  0 0 0 0 0 0 0 0 0 0  \
  0 0 0 0 0 0 0 0 0 0  \
  0 0 0 0 0 0 0 0 0 0  \
  0 0 0 0 0 0 0 0 0 0  \
  0 0 0 0 0 0 
mwpc0PadXNumberPar:  Int_t  64 
mwpc0PadYNumberPar:  Int_t  64 
mwpc0ParamsFitPar:  Int_t  2 
##############################################################################
//----------------------------------------------------------------------------
##############################################################################
##############################################################################
# Class:   mwpc1CalPar
# Context: Mwpc1CalParContext
##############################################################################
[mwpc1CalPar]
//----------------------------------------------------------------------------
mwpc1CalPar:  Int_t \
  0 0 0 0 0 0 0 0 0 0  \
  0 0 0 0 0 0 0 0 0 0  \
  0 0 0 0 0 0 0 0 0 0  \
  0 0 0 0 0 0 0 0 0 0  \
  0 0 0 0 0 0 0 0 0 0  \
  0 0 0 0 0 0 0 0 0 0  \
  0 0 0 0 0 0 0 0 0 0  \
  0 0 0 0 0 0 0 0 0 0  \
  0 0 0 0 0 0 0 0 0 0  \
  0 0 0 0 0 0 0 0 0 0  \
  0 0 0 0 0 0 0 0 0 0  \
  0 0 0 0 0 0 0 0 0 0  \
  0 0 0 0 0 0 0 0 0 0  \
  0 0 0 0 0 0 0 0 0 0  \
  0 0 0 0 0 0 0 0 0 0  \
  0 0 0 0 0 0 0 0 0 0  \
  0 0 0 0 0 0 0 0 0 0  \
  0 0 0 0 0 0 0 0 0 0  \
  0 0 0 0 0 0 0 0 0 0  \
  0 0 0 0 0 0 0 0 0 0  \
  0 0 0 0 0 0 0 0 0 0  \
  0 0 0 0 0 0 0 0 0 0  \
  0 0 0 0 0 0 0 0 0 0  \
  0 0 0 0 0 0 0 0 0 0  \
  0 0 0 0 0 0 0 0 0 0  \
  0 0 0 0 0 0 0 0 0 0  \
  0 0 0 0 0 0 0 0 0 0  \
  0 0 0 0 0 0 0 0 0 0  \
  0 0 0 0 0 0 0 0 0 0  \
  0 0 0 0 0 0 0 0 0 0  \
  0 0 0 0 0 0 0 0 0 0  \
  0 0 0 0 0 0 0 0 0 0  \
  0 0 0 0 0 0 0 0 0 0  \
  0 0 0 0 0 0 
mwpc1PadXNumberPar:  Int_t  128 
mwpc1PadYNumberPar:  Int_t  40 
mwpc1ParamsFitPar:  Int_t  2 
##############################################################################
//----------------------------------------------------------------------------
##############################################################################
##############################################################################
# Class:   mwpc2CalPar
# Context: Mwpc2CalParContext
##############################################################################
[mwpc2CalPar]
//----------------------------------------------------------------------------
mwpc2CalPar:  Int_t \
  0 0 0 0 0 0 0 0 0 0  \
  0 0 0 0 0 0 0 0 0 0  \
  0 0 0 0 0 0 0 0 0 0  \
  0 0 0 0 0 0 0 0 0 0  \
  0 0 0 0 0 0 0 0 0 0  \
  0 0 0 0 0 0 0 0 0 0  \
  0 0 0 0 0 0 0 0 0 0  \
  0 0 0 0 0 0 0 0 0 0  \
  0 0 0 0 0 0 0 0 0 0  \
  0 0 0 0 0 0 0 0 0 0  \
  0 0 0 0 0 0 0 0 0 0  \
  0 0 0 0 0 0 0 0 0 0  \
  0 0 0 0 0 0 0 0 0 0  \
  0 0 0 0 0 0 0 0 0 0  \
  0 0 0 0 0 0 0 0 0 0  \
  0 0 0 0 0 0 0 0 0 0  \
  0 0 0 0 0 0 0 0 0 0  \
  0 0 0 0 0 0 0 0 0 0  \
  0 0 0 0 0 0 0 0 0 0  \
  0 0 0 0 0 0 0 0 0 0  \
  0 0 0 0 0 0 0 0 0 0  \
  0 0 0 0 0 0 0 0 0 0  \
  0 0 0 0 0 0 0 0 0 0  \
  0 0 0 0 0 0 0 0 0 0  \
  0 0 0 0 0 0 0 0 0 0  \
  0 0 0 0 0 0 0 0 0 0  \
  0 0 0 0 0 0 0 0 0 0  \
  0 0 0 0 0 0 0 0 0 0  \
  0 0 0 0 0 0 0 0 0 0  \
  0 0 0 0 0 0 0 0 0 0  \
  0 0 0 0 0 0 0 0 0 0  \
  0 0 0 0 0 0 0 0 0 0  \
  0 0 0 0 0 0 0 0 0 0  \
  0 0 0 0 0 0 
mwpc2PadXNumberPar:  Int_t  128 
mwpc2PadYNumberPar:  Int_t  40 
mwpc2ParamsFitPar:  Int_t  2 
##############################################################################
//----------------------------------------------------------------------------
##############################################################################
##############################################################################
# Class:   mwpc3CalPar
# Context: Mwpc3CalParContext
##############################################################################
[mwpc3CalPar]
//----------------------------------------------------------------------------
mwpc3CalPar:  Int_t \
  0 0 0 0 0 0 0 0 0 0  \
  0 0 0 0 0 0 0 0 0 0  \
  0 0 0 0 0 0 0 0 0 0  \
  0 0 0 0 0 0 0 0 0 0  \
  0 0 0 0 0 0 0 0 0 0  \
  0 0 0 0 0 0 0 0 0 0  \
  0 0 0 0 0 0 0 0 0 0  \
  0 0 0 0 0 0 0 0 0 0  \
  0 0 0 0 0 0 0 0 0 0  \
  0 0 0 0 0 0 0 0 0 0  \
  0 0 0 0 0 0 0 0 0 0  \
  0 0 0 0 0 0 0 0 0 0  \
  0 0 0 0 0 0 0 0 0 0  \
  0 0 0 0 0 0 0 0 0 0  \
  0 0 0 0 0 0 0 0 0 0  \
  0 0 0 0 0 0 0 0 0 0  \
  0 0 0 0 0 0 0 0 0 0  \
  0 0 0 0 0 0 0 0 0 0  \
  0 0 0 0 0 0 0 0 0 0  \
  0 0 0 0 0 0 0 0 0 0  \
  0 0 0 0 0 0 0 0 0 0  \
  0 0 0 0 0 0 0 0 0 0  \
  0 0 0 0 0 0 0 0 0 0  \
  0 0 0 0 0 0 0 0 0 0  \
  0 0 0 0 0 0 0 0 0 0  \
  0 0 0 0 0 0 0 0 0 0  \
  0 0 0 0 0 0 0 0 0 0  \
  0 0 0 0 0 0 0 0 0 0  \
  0 0 0 0 0 0 0 0 0 0  \
  0 0 0 0 0 0 0 0 0 0  \
  0 0 0 0 0 0 0 0 0 0  \
  0 0 0 0 0 0 0 0 0 0  \
  0 0 0 0 0 0 0 0 0 0  \
  0 0 0 0 0 0 0 0 0 0  \
  0 0 0 0 0 0 0 0 0 0  \
  0 0 0 0 0 0 0 0 0 0  \
  0 0 0 0 0 0 0 0 0 0  \
  0 0 0 0 0 0 0 0 0 0  \
  0 0 0 0 0 0 0 0 0 0  \
  0 0 0 0 0 0 0 0 0 0  \
  0 0 0 0 0 0 0 0 0 0  \
  0 0 0 0 0 0 0 0 0 0  \
  0 0 0 0 0 0 0 0 0 0  \
  0 0 0 0 0 0 0 0 0 0  \
  0 0 0 0 0 0 0 0 0 0  \
  0 0 0 0 0 0 0 0 0 0  \
  0 0 0 0 0 0 0 0 0 0  \
  0 0 0 0 0 0 0 0 0 0  \
  0 0 0 0 0 0 0 0 0 0  \
  0 0 0 0 0 0 0 0 0 0  \
  0 0 0 0 0 0 0 0 0 0  \
  0 0 0 0 0 0 0 0 0 0  \
  0 0 0 0 0 0 0 0 0 0  \
  0 0 0 0 0 0 0 0 0 0  \
  0 0 0 0 0 0 0 0 0 0  \
  0 0 0 0 0 0 0 0 0 0  \
  0 0 0 0 0 0 0 0 0 0  \
  0 0 0 0 0 0 0 0 0 0  \
  0 0 0 0 0 0 0 0 0 0  \
  0 0 0 0 0 0 0 0 0 0  \
  0 0 0 0 0 0 0 0 0 0  \
  0 0 0 0 0 0 0 0 0 0  \
  0 0 0 0 0 0 0 0 0 0  \
  0 0 0 0 0 0 0 0 0 0  \
  0 0 0 0 0 0 0 0 0 0  \
  0 0 0 0 0 0 0 0 0 0  \
  0 0 0 0 0 0 0 0 0 0  \
  0 0 0 0 0 0 0 0 0 0  \
  0 0 0 0 0 0 0 0 0 0  \
  0 0 0 0 0 0 0 0 0 0  \
  0 0 0 0 0 0 0 0 0 0  \
  0 0 0 0 0 0 0 0 0 0  \
  0 0 0 0 0 0 0 0 0 0  \
  0 0 0 0 0 0 0 0 0 0  \
  0 0 0 0 0 0 0 0 0 0  \
  0 0 0 0 0 0 0 0 0 0  \
  0 0 0 0 0 0 0 0 0 0  \
  0 0 0 0 0 0 0 0 0 0  \
  0 0 0 0 0 0 0 0 0 0  \
  0 0 0 0 0 0 0 0 0 0  \
  0 0 0 0 0 0 0 0 0 0  \
  0 0 0 0 0 0
mwpc3PadXNumberPar:  Int_t  288 
mwpc3PadYNumberPar:  Int_t  120 
mwpc3ParamsFitPar:  Int_t  2
##############################################################################
//----------------------------------------------------------------------------
##############################################################################
# Class:   musicHitPar
# Context: MusicHitParContext
##############################################################################
[musicHitPar]
//----------------------------------------------------------------------------
musicAnodeNumberPar:  Int_t  8
musicInUsePar:  Int_t  \
1 1 1 1 1 1 1 1
musicAnodePosPar:  Float_t \
-175.0 -125.0 -75.0 -25.0 25.0 75.0 125.0 175.0
musicZHitParamsFitPar:  Int_t  3
musicZHitPar:  Float_t \
  0.312 0.398 1.32E-04
##############################################################################
//----------------------------------------------------------------------------
##############################################################################
##############################################################################
# Class:   twimHitPar
# Context: TwimHitParContext
##############################################################################
[twimHitPar]
//----------------------------------------------------------------------------
twimHitNumSecPar: Int_t  1 
twimAnodeNumberPar:  Int_t  16 
twimInUsePar:  Int_t  \
1 1 1 1 1 1 1 1 1 1 1 1 1 1 1 1 
twimAnodePosPar:  Float_t \
-187.5 -162.5 -137.5 -112.5 -87.5 -62.5 -37.5 -12.5 \
12.5 37.5 62.5 87.5 112.5 137.5 162.5 187.5 
twimZHitParamsFitPar:  Int_t  3
twimZHitPar:  Float_t \
  0.181 0.3943570841 1.87E-04
//With beta correction
//  0.181 0.418 2.1e-4 
// Without beta correction
//  -0.5389789963 0.5877633547 0.0 // Online
##############################################################################
//----------------------------------------------------------------------------
##############################################################################
##############################################################################
# Class:   soffrsAnaPar
# Context: SofFRSParContext
##############################################################################
[soffrsAnaPar]
//----------------------------------------------------------------------------
//-- PathS2Cave is effective length ------------------------------------------
BrhoS2S8:    Float_t  6.9389
NumTof:      Int_t  3
StaSciId:  Int_t \
  2 2 3
StoSciId:   Int_t \
  4 3 4
PathLength:  Float_t \
  462.837731 279.088230 183.845298
TofOffset:   Float_t \
  -1318.258541 -694.519095 -623.62812
UseS2x:	     Int_t \
 1 1 0
S2PosCoef:   Float_t -5.8
S2PosOffset: Float_t 0.
NumBrhoCorrPar: Int_t 4
BrhoCorrPar: Float_t \
  -0.000421866 -0.00206898 -6.34297e-06 1.34329e-05
//New update by RT in R3BSofFrsPar.h
//SciId starting from 1. 1: FRS-S2, 2: SofSci-S2, 3: FRS-S8, 4: SofSci-Cave
##############################################################################
 /----------------------------------------------------------------------------
##############################################################################
##############################################################################
# Class:   SofSciRawPosPar
# Context: SofSciParContext
##############################################################################
[SofSciRawPosPar]
//----------------------------------------------------------------------------
RawPosPar:  Float_t \
  0 0 -3.8475 2.76592 -6.00783 -3.52236 0.516169 1.92921
nDetectorsRawPosPar:  Int_t  4 
nChannelsRawPosPar:  Int_t  3 
nSignalsRawPosPar:  Int_t  4 
nRawPosParsPerSignal:  Int_t  2
##############################################################################
##############################################################################
# Class:   SofSciRawTofPar
# Context: SofSciParContext
##############################################################################
[SofSciRawTofPar]
//----------------------------------------------------------------------------
RawTofPar:  Float_t \
  0 0 1913.9 1966.77 856.509 880.895
nDetsRawTofPar:  Int_t  4 
nChannelsRawTofPar:  Int_t  3 
idDetS2:  Int_t  2 
idDetS8:  Int_t  3 
idDetCaveC:  Int_t  4 
nSignalsRawTofPar:  Int_t  3 
nRawTofParsPerSignal:  Int_t  2 
##############################################################################
