##############################################################################
# Class:   mwpc0CalPar
# Context: mwpc0CalParContext
##############################################################################
[mwpc0CalPar]
//----------------------------------------------------------------------------
mwpc0CalPar:  Float_t				\
10.4514 0 10.8393 0 13.1887 0 18.9408 0 11.8353 0  \
  19.4632 0 12.038 0 18.8173 0 14.4461 0 21.3684 0  \
  13.8207 0 19.7346 0 12.598 0 20.2925 0 12.2931 0  \
  20.3809 0 10.4892 0 10.4941 0 10.4996 0 10.4962 0  \
  10.4939 0 10.4847 0 10.4925 0 10.4916 0 10.4895 0  \
  10.4915 0 10.4961 0 10.4975 0 10.4973 0 10.4986 0  \
  10.4957 0 10.4953 0 10.4925 0 22.9171 0 10.4959 0  \
  24.3385 0 10.4941 0 26.8464 0 10.4916 0 22.0657 0  \
  10.4909 0 23.36 0 10.4861 0 23.0203 0 10.4876 0  \
  22.9654 0 10.4878 0 18.9875 0 10.4964 0 10.4962 0  \
  10.4913 0 10.4913 0 10.4971 0 10.4866 0 10.4947 0  \
  10.4872 0 10.4954 0 10.4869 0 10.484 0 10.4878 0  \
  10.4893 0 10.4929 0 10.4856 0 10.4949 0 37.2409 0  \
  35.1888 0 43.0344 0 41.997 0 39.8587 0 42.7082 0  \
  41.2203 0 44.0969 0 43.4597 0 44.3683 0 43.2523 0  \
  44.8064 0 41.2688 0 45.4259 0 42.3851 0 46.7675 0  \
  10.4939 0 14.7793 0 10.4664 0 14.1706 0 11.6045 0  \
  17.4463 0 10.4469 0 17.2775 0 10.4842 0 16.0624 0  \
  14.298 0 26.3891 0 14.2475 0 21.7313 0 10.4916 0  \
  13.4045 0 28.8998 0 43.323 0 28.6131 0 45.1296 0  \
  28.5836 0 45.6736 0 29.2795 0 42.5046 0 27.9553 0  \
  42.2933 0 27.2861 0 42.4469 0 26.8694 0 41.9839 0  \
  22.4885 0 37.0937 0 15.4049 0 10.4119 0 18.148 0  \
  11.5639 0 18.8886 0 10.4875 0 18.1412 0 10.8476 0  \
  19.6784 0 13.883 0 20.4505 0 11.3421 0 20.4117 0  \
  11.9802 0 20.504 0 10.4699 0 
mwpc0PadXNumberPar:  Int_t  64 
mwpc0PadYNumberPar:  Int_t  64 
mwpc0ParamsFitPar:  Int_t  2 
##############################################################################
##############################################################################
# Class:   mwpc1CalPar
# Context: mwpc1CalParContext
##############################################################################
[mwpc1CalPar]
//----------------------------------------------------------------------------
mwpc1CalPar:  Float_t				\
29.7441 0 38.4718 0 30.1509 0 41.0115 0 30.6673 0  \
  42.3226 0 30.1498 0 38.8934 0 28.833 0 39.2941 0  \
  29.1095 0 38.8589 0 29.1484 0 39.2825 0 24.2676 0  \
  34.3611 0 10.4698 0 10.4934 0 10.4607 0 10.496 0  \
  10.4502 0 11.0349 0 10.4072 0 11.0874 0 11.5643 0  \
  10.4881 0 10.4767 0 10.4939 0 11.6961 0 10.4924 0  \
  12.9153 0 10.4944 0 28.2125 0 19.1592 0 32.8829 0  \
  27.3023 0 32.2611 0 28.0291 0 31.9233 0 28.0233 0  \
  34.6728 0 28.4461 0 36.8921 0 28.7032 0 32.8247 0  \
  28.6197 0 32.184 0 29.6107 0 10.7682 0 10.4472 0  \
  10.4971 0 10.4195 0 11.1405 0 10.8238 0 10.4734 0  \
  10.4692 0 10.4773 0 10.4632 0 11.8129 0 10.47 0  \
  12.1493 0 10.4812 0 10.4827 0 10.4784 0 16.1906 0  \
  21.0002 0 21.356 0 26.9505 0 20.015 0 25.9097 0  \
  19.8355 0 25.0672 0 20.2006 0 23.17 0 24.01 0  \
  25.8391 0 18.3584 0 25.179 0 19.7875 0 24.6141 0  \
  62.0865 0 49.0596 0 59.4407 0 48.0985 0 61.322 0  \
  51.4218 0 61.1239 0 54.76 0 59.792 0 49.1995 0  \
  60.8422 0 48.41 0 59.2528 0 50.1645 0 52.2658 0  \
  45.1146 0 26.3743 0 29.1341 0 28.3427 0 30.0286 0  \
  26.8125 0 30.8283 0 27.4757 0 29.3997 0 28.2523 0  \
  28.0601 0 30.8852 0 29.4514 0 27.4809 0 30.256 0  \
  23.0486 0 25.9996 0 41.5571 0 38.1896 0 45.6376 0  \
  42.6927 0 46.9512 0 42.1187 0 47.2182 0 42.4296 0  \
  45.6421 0 43.4949 0 48.4506 0 43.4242 0 49.1573 0  \
  44.2507 0 47.1493 0 43.6301 0 22.1142 0 15.9567 0  \
  42.9862 0 36.7961 0 42.0237 0 42.9552 0 38.9075 0  \
  39.7473 0 38.2729 0 39.3213 0 40.364 0 39.3785 0  \
  33.9785 0 12.0907 0 10.8666 0 11.4276 0 18.8851 0  \
  16.8116 0 11.0872 0 17.494 0 10.4607 0 45.1893 0  \
  49.7143 0 33.5412 0 36.4164 0 37.0164 0 55.0514 0  \
  37.0846 0 25.7238 0 16.8399 0 21.1715 0 26.9306 0  \
  27.086 0 19.1885 0 52.409 0 54.2647 0 40.5482 0  \
  29.0347 0 25.6008 0 16.7117 0 
mwpc1PadXNumberPar:  Int_t  128 
mwpc1PadYNumberPar:  Int_t  40 
mwpc1ParamsFitPar:  Int_t  2 
##############################################################################
##############################################################################
# Class:   mwpc2CalPar
# Context: mwpc2CalParContext
##############################################################################
[mwpc2CalPar]
//----------------------------------------------------------------------------
mwpc2CalPar:  Float_t				\
25.4066 0 26.7628 0 30.8047 0 34.1911 0 29.9434 0  \
  35.0777 0 30.3508 0 35.9787 0 32.4311 0 34.8626 0  \
  31.312 0 35.9356 0 29.4724 0 36.5101 0 30.2978 0  \
  35.6385 0 10.4412 0 11.7011 0 10.4631 0 10.4321 0  \
  10.433 0 11.605 0 10.474 0 12.822 0 10.4793 0  \
  10.4553 0 10.4581 0 10.9834 0 10.4425 0 10.9834 0  \
  10.4816 0 10.4843 0 23.4316 0 39.3975 0 23.2499 0  \
  39.8942 0 23.8131 0 40.3814 0 23.5411 0 38.7831 0  \
  21.9734 0 38.5865 0 22.043 0 38.4028 0 21.7638 0  \
  37.8278 0 17.0894 0 32.9399 0 10.4573 0 10.4842 0  \
  10.4168 0 10.4726 0 10.3912 0 10.4954 0 10.4564 0  \
  10.4678 0 10.397 0 10.4567 0 10.4195 0 10.4449 0  \
  10.4352 0 10.4794 0 10.4667 0 10.4337 0 10.4889 0  \
  10.4629 0 10.4813 0 10.4953 0 10.4857 0 10.4818 0  \
  10.4976 0 10.4812 0 10.4863 0 10.4945 0 10.4993 0  \
  10.4976 0 10.4956 0 10.4933 0 10.4918 0 10.4981 0  \
  21.2579 0 15.0603 0 26.7836 0 19.6246 0 24.8198 0  \
  19.2457 0 25.5006 0 19.3143 0 25.0199 0 20.5747 0  \
  27.4798 0 21.0727 0 27.4687 0 20.775 0 25.461 0  \
  20.244 0 10.4939 0 10.4833 0 10.478 0 10.4826 0  \
  10.4851 0 10.4863 0 10.4788 0 10.4811 0 10.4763 0  \
  10.4729 0 10.4738 0 10.4926 0 10.4616 0 10.4689 0  \
  10.4917 0 10.497 0 34.1487 0 17.728 0 34.4516 0  \
  18.3002 0 32.4247 0 19.4766 0 31.9714 0 19.7279 0  \
  32.2998 0 18.0727 0 31.4502 0 17.2756 0 30.079 0  \
  18.4326 0 23.1329 0 13.7436 0 11.1467 0 10.4707 0  \
  21.9601 0 15.0216 0 17.8678 0 14.8175 0 14.5907 0  \
  16.3501 0 15.4837 0 20.0072 0 20.4951 0 14.0664 0  \
  20.8837 0 10.4945 0 10.4962 0 10.4919 0 10.4973 0  \
  10.4942 0 10.4983 0 10.4934 0 10.4925 0 10.4967 0  \
  10.4998 0 10.486 0 24.4211 0 10.4811 0 10.4734 0  \
  10.4624 0 21.9461 0 18.0402 0 10.4906 0 10.4872 0  \
  10.4974 0 10.4899 0 10.4907 0 10.4863 0 11.0664 0  \
  10.4967 0 10.5 0 22.2615 0 
mwpc2PadXNumberPar:  Int_t  128 
mwpc2PadYNumberPar:  Int_t  40 
mwpc2ParamsFitPar:  Int_t  2 
##############################################################################
##############################################################################
# Class:   mwpc3CalPar
# Context: mwpc3CalParContext
##############################################################################
[mwpc3CalPar]
//----------------------------------------------------------------------------
mwpc3CalPar:  Float_t				\
37.8459 0 37.7942 0 30.9023 0 46.4874 0 30.9123 0  \
  47.5331 0 30.8948 0 46.4894 0 32.2426 0 46.8465 0  \
  31.0719 0 47.6123 0 30.9232 0 47.6401 0 30.8991 0  \
  49.1729 0 41.1553 0 58.4924 0 58.675 0 32.8984 0  \
  36.6346 0 31.4967 0 30.996 0 36.9953 0 30.996 0  \
  33.9957 0 58.675 0 33.8332 0 31.0862 0 53.4931 0  \
  34.938 0 38.2333 0 30.9459 0 32.3497 0 30.804 0  \
  33.5074 0 30.9646 0 34.2533 0 30.9035 0 30.9918 0  \
  30.9255 0 30.986 0 31.8365 0 30.9944 0 30.8596 0  \
  30.9957 0 30.9529 0 30.9599 0 30.9716 0 31.3675 0  \
  31.5489 0 31.5103 0 32.2736 0 30.9268 0 31.6281 0  \
  32.029 0 31.7688 0 31.2557 0 30.9892 0 31.9713 0  \
  30.99 0 30.9268 0 31.4316 0 30.9818 0 30.9875 0  \
  31.7648 0 31.6 0 38.8496 0 30.9853 0 39.7535 0  \
  30.9956 0 39.3607 0 33.2278 0 41.8067 0 31.6613 0  \
  39.7397 0 31.6399 0 42.0324 0 31.5998 0 43.0558 0  \
  30.9871 0 30.9736 0 30.9943 0 32.0461 0 30.98 0  \
  30.9819 0 30.9691 0 30.9815 0 30.9865 0 30.9866 0  \
  30.9887 0 30.9902 0 30.9641 0 30.9708 0 30.9793 0  \
  30.976 0 30.9518 0 40.3996 0 30.9531 0 41.7208 0  \
  30.9633 0 41.3751 0 30.9614 0 38.686 0 30.9642 0  \
  39.9424 0 30.9625 0 40.1627 0 30.9721 0 39.2597 0  \
  30.9838 0 35.2047 0 30.9726 0 30.989 0 30.9707 0  \
  31.6255 0 30.9724 0 30.9934 0 30.9731 0 30.9921 0  \
  30.9767 0 30.9942 0 30.975 0 30.9902 0 30.9715 0  \
  30.9945 0 30.9744 0 30.9912 0 30.9676 0 30.973 0  \
  30.9684 0 33.1475 0 30.9699 0 32.9622 0 30.9706 0  \
  33.7393 0 30.9667 0 32.3519 0 30.9648 0 34.3767 0  \
  30.9662 0 34.4731 0 30.9644 0 34.8983 0 30.9883 0  \
  30.9897 0 30.9941 0 30.9889 0 30.9953 0 30.9919 0  \
  30.9876 0 30.9845 0 30.9883 0 30.9935 0 30.9897 0  \
  30.9848 0 30.9905 0 30.9798 0 30.9914 0 30.9844 0  \
  30.94 0 30.9257 0 30.9426 0 30.9785 0 30.9412 0  \
  30.9852 0 30.9673 0 30.9373 0 30.9389 0 30.9309 0  \
  30.9436 0 30.9318 0 30.9405 0 30.9359 0 30.9763 0  \
  30.9632 0 30.9802 0 31.6161 0 30.9889 0 30.9649 0  \
  30.9854 0 31.6742 0 30.9884 0 30.9948 0 30.9961 0  \
  30.9918 0 30.987 0 31.7412 0 31.6268 0 30.9706 0  \
  30.9874 0 30.9805 0 30.9735 0 30.9878 0 30.9748 0  \
  30.9498 0 30.9817 0 30.932 0 30.9752 0 30.9402 0  \
  30.9847 0 30.9215 0 30.9797 0 30.9427 0 30.9775 0  \
  30.9319 0 30.9851 0 30.9279 0 30.9801 0 30.9922 0  \
  30.9725 0 30.9797 0 30.9613 0 30.9929 0 30.9904 0  \
  30.983 0 31.4942 0 30.966 0 31.4458 0 31.5274 0  \
  30.9844 0 30.9436 0 30.9854 0 31.2586 0 30.9712 0  \
  30.9636 0 30.9868 0 31.4635 0 30.9948 0 30.996 0  \
  30.989 0 30.9564 0 30.9834 0 30.9746 0 30.958 0  \
  30.9754 0 30.9932 0 30.9726 0 31.6159 0 30.9544 0  \
  30.9961 0 30.9697 0 31.7541 0 30.9868 0 30.9793 0  \
  31.4273 0 30.9787 0 30.9592 0 30.9505 0 30.9528 0  \
  31.5175 0 30.9699 0 32.3678 0 31.4253 0 30.9573 0  \
  30.9455 0 30.9719 0 30.9687 0 30.9917 0 39.4621 0  \
  30.9858 0 38.2437 0 30.9943 0 40.167 0 30.9383 0  \
  40.3547 0 30.9613 0 40.2985 0 30.9621 0 39.4974 0  \
  30.9841 0 44.134 0 30.9759 0 30.9843 0 30.9487 0  \
  30.9945 0 31.7878 0 31.5308 0 30.9826 0 31.5552 0  \
  32.3051 0 30.9946 0 30.9899 0 30.9961 0 30.9695 0  \
  31.6495 0 32.7591 0 32.2558 0 40.9915 0 41.4738 0  \
  40.9904 0 41.5874 0 40.9861 0 40.9825 0 41.6868 0  \
  40.9831 0 40.9828 0 40.9924 0 40.974 0 40.9812 0  \
  40.9874 0 40.9889 0 40.9808 0 40.9894 0 40.97 0  \
  40.9897 0 40.9815 0 40.9888 0 40.9802 0 40.9759 0  \
  40.9746 0 40.9906 0 41.7114 0 42.2242 0 40.9725 0  \
  41.58 0 40.9852 0 40.9718 0 40.9807 0 40.9606 0  \
  40.9784 0 40.969 0 40.9802 0 40.973 0 40.9798 0  \
  40.9785 0 40.9856 0 40.9816 0 40.9861 0 40.9804 0  \
  40.9866 0 40.9833 0 40.9909 0 41.6317 0 41.6029 0  \
  41.6393 0 40.9909 0 41.6516 0 40.9882 0 40.9949 0  \
  40.9921 0 41.6735 0 41.6512 0 42.238 0 41.6115 0  \
  41.6638 0 40.99 0 41.6689 0 40.9761 0 40.9747 0  \
  40.9744 0 40.9555 0 40.9677 0 40.9414 0 40.969 0  \
  40.9679 0 40.9617 0 40.962 0 40.9593 0 40.9503 0  \
  40.9484 0 40.9869 0 40.9791 0 40.9753 0 40.9816 0  \
  41.6321 0 42.3373 0 40.9784 0 40.9896 0 40.9879 0  \
  40.991 0 40.9909 0 40.9916 0 42.2415 0 40.9804 0  \
  41.5405 0 40.9942 0 40.9847 0 40.9782 0 40.9662 0  \
  40.9903 0 40.9885 0 40.9858 0 40.9377 0 40.9916 0  \
  40.9369 0 40.9857 0 40.9509 0 40.9734 0 40.9647 0  \
  40.9845 0 41.9202 0 40.9741 0 41.5306 0 40.9854 0  \
  40.9474 0 40.9949 0 40.9697 0 41.6703 0 40.9848 0  \
  40.9855 0 41.6366 0 40.9949 0 40.977 0 40.9695 0  \
  41.5721 0 40.9699 0 40.9616 0 
mwpc3PadXNumberPar:  Int_t  288 
mwpc3PadYNumberPar:  Int_t  120 
mwpc3ParamsFitPar:  Int_t  2 
##############################################################################
