##############################################################################
# Class:   mwpc0CalPar
# Context: mwpc0CalParContext
##############################################################################
[mwpc0CalPar]
//----------------------------------------------------------------------------
mwpc0CalPar:  Float_t				\
10.4531 0 10.958 0 13.2092 0 18.9966 0 11.8131 0  \
  19.5335 0 12.1326 0 18.969 0 14.711 0 21.4878 0  \
  13.8893 0 19.8346 0 12.6651 0 20.3846 0 12.3527 0  \
  20.4714 0 11.1548 0 10.4954 0 10.4941 0 10.4906 0  \
  10.4937 0 10.4908 0 10.4975 0 10.4913 0 10.4974 0  \
  10.4949 0 10.495 0 10.4966 0 10.4895 0 11.0765 0  \
  10.4961 0 10.4945 0 10.4921 0 23.0694 0 10.4989 0  \
  24.4481 0 10.495 0 26.9286 0 10.4972 0 22.126 0  \
  10.4869 0 23.3725 0 10.4858 0 23.0131 0 10.4933 0  \
  23.0304 0 10.4908 0 19.0358 0 11.7044 0 10.4972 0  \
  10.488 0 11.0733 0 10.4974 0 10.4699 0 10.4894 0  \
  10.4832 0 10.4957 0 10.4991 0 10.4969 0 10.4879 0  \
  10.4859 0 10.4807 0 10.4915 0 11.0277 0 37.1836 0  \
  35.0693 0 42.9757 0 43.6289 0 39.7819 0 42.5916 0  \
  41.1312 0 44.0567 0 43.4458 0 44.3891 0 43.2758 0  \
  44.8682 0 41.3162 0 45.4958 0 42.4322 0 46.8429 0  \
  10.4993 0 14.8698 0 10.472 0 14.2768 0 11.7122 0  \
  17.6284 0 10.4529 0 17.4704 0 10.4948 0 16.8438 0  \
  17.6535 0 33.1686 0 14.3871 0 20.8385 0 10.4834 0  \
  13.305 0 28.8476 0 43.3181 0 28.6064 0 45.1539 0  \
  28.596 0 45.716 0 29.2936 0 42.5823 0 27.9826 0  \
  42.3501 0 27.3174 0 42.6444 0 26.8969 0 42.4946 0  \
  22.5114 0 37.144 0 15.4615 0 10.4083 0 18.1874 0  \
  11.6391 0 18.9273 0 10.4874 0 18.1834 0 10.8704 0  \
  19.7362 0 13.9541 0 20.5072 0 11.3819 0 20.452 0  \
  12.0381 0 20.5269 0 10.4706 0 
mwpc0PadXNumberPar:  Int_t  64 
mwpc0PadYNumberPar:  Int_t  64 
mwpc0ParamsFitPar:  Int_t  2 
##############################################################################
##############################################################################
# Class:   mwpc1CalPar
# Context: mwpc1CalParContext
##############################################################################
[mwpc1CalPar]
//----------------------------------------------------------------------------
mwpc1CalPar:  Float_t				\
29.7515 0 38.4612 0 30.1479 0 40.9907 0 30.668 0  \
  42.3167 0 30.1624 0 38.8873 0 28.8345 0 39.2857 0  \
  29.1135 0 38.8394 0 29.1514 0 39.2774 0 24.3006 0  \
  34.3904 0 10.468 0 11.0886 0 10.4569 0 10.4921 0  \
  10.4482 0 10.4877 0 10.4058 0 10.4956 0 11.5835 0  \
  10.4887 0 10.4795 0 10.4983 0 11.7149 0 10.4953 0  \
  12.9435 0 10.4927 0 28.1853 0 19.1396 0 32.8149 0  \
  27.2928 0 32.272 0 28.0134 0 31.9338 0 28.0276 0  \
  34.7123 0 28.4775 0 36.9569 0 28.7219 0 32.8388 0  \
  28.635 0 32.2088 0 29.6215 0 10.807 0 10.4423 0  \
  10.6727 0 10.4159 0 11.1734 0 10.8525 0 10.4775 0  \
  10.4731 0 10.4767 0 10.4609 0 11.796 0 10.4722 0  \
  12.1849 0 10.4793 0 10.4813 0 10.4807 0 16.0883 0  \
  20.8823 0 21.271 0 26.889 0 19.9639 0 25.8585 0  \
  19.8012 0 25.0252 0 20.2082 0 23.1669 0 24.0021 0  \
  25.8144 0 18.3579 0 25.159 0 19.7883 0 24.5948 0  \
  62.0695 0 49.0586 0 59.4126 0 48.0912 0 61.3023 0  \
  51.4141 0 61.0672 0 54.7043 0 59.7272 0 49.1866 0  \
  60.7904 0 48.3835 0 59.1968 0 50.0903 0 52.2088 0  \
  45.0702 0 26.4194 0 29.1464 0 28.341 0 30.0369 0  \
  26.7971 0 30.834 0 27.4627 0 29.4119 0 28.2272 0  \
  28.0377 0 30.7816 0 29.4067 0 27.4136 0 30.1942 0  \
  23.0119 0 25.9482 0 41.536 0 38.1861 0 45.5866 0  \
  42.6737 0 46.9261 0 42.1057 0 47.2187 0 42.4325 0  \
  45.6469 0 43.6537 0 48.4754 0 43.4535 0 49.1887 0  \
  44.2438 0 47.1348 0 43.5984 0 22.0887 0 15.9476 0  \
  42.9493 0 36.776 0 41.9784 0 42.9183 0 38.8836 0  \
  39.7324 0 38.2647 0 39.2431 0 40.3285 0 39.3225 0  \
  33.8728 0 12.0896 0 10.9003 0 11.4113 0 18.8797 0  \
  16.7746 0 11.0213 0 17.4387 0 10.4568 0 45.1811 0  \
  49.6266 0 33.4895 0 36.4215 0 37.0292 0 55.0453 0  \
  37.1183 0 23.2269 0 16.7992 0 21.1424 0 26.9127 0  \
  27.0807 0 19.2117 0 52.3541 0 54.2069 0 38.2007 0  \
  29.7839 0 25.5939 0 16.7273 0 
mwpc1PadXNumberPar:  Int_t  128 
mwpc1PadYNumberPar:  Int_t  40 
mwpc1ParamsFitPar:  Int_t  2 
##############################################################################
##############################################################################
# Class:   mwpc2CalPar
# Context: mwpc2CalParContext
##############################################################################
[mwpc2CalPar]
//----------------------------------------------------------------------------
mwpc2CalPar:  Float_t				\
25.3923 0 26.7263 0 30.7812 0 34.1368 0 29.9333 0  \
  35.0292 0 30.3454 0 35.9407 0 32.4182 0 34.8132 0  \
  31.2992 0 35.8845 0 29.458 0 36.4462 0 30.2906 0  \
  35.6051 0 10.4416 0 11.711 0 10.4599 0 10.43 0  \
  10.4349 0 11.6114 0 10.4693 0 12.8173 0 10.4807 0  \
  10.4535 0 10.4585 0 10.9734 0 10.4449 0 10.9718 0  \
  10.4848 0 10.4851 0 23.3909 0 39.3903 0 23.2375 0  \
  39.9011 0 23.8066 0 40.3551 0 23.4924 0 38.7628 0  \
  21.9907 0 38.5231 0 22.0217 0 38.3368 0 21.7994 0  \
  37.9237 0 17.0785 0 33.071 0 10.4587 0 10.4842 0  \
  10.4199 0 10.4937 0 10.397 0 10.4781 0 10.4554 0  \
  10.4861 0 10.4065 0 10.4538 0 10.4281 0 10.4453 0  \
  10.4401 0 10.4673 0 10.4669 0 10.4385 0 10.4565 0  \
  10.4708 0 11.0169 0 10.4884 0 10.4913 0 10.4884 0  \
  10.4803 0 10.4936 0 10.4696 0 11.0638 0 11.0206 0  \
  10.4858 0 10.4903 0 10.4841 0 10.4944 0 10.486 0  \
  21.3089 0 15.1742 0 26.8658 0 19.7323 0 24.8859 0  \
  19.3276 0 25.5494 0 19.3953 0 25.0592 0 20.6687 0  \
  27.5672 0 21.1551 0 27.4901 0 20.8618 0 25.4741 0  \
  20.3058 0 10.493 0 10.4823 0 10.4795 0 10.4814 0  \
  10.484 0 10.4866 0 10.4751 0 10.4846 0 10.4789 0  \
  10.473 0 10.4787 0 10.4839 0 10.4677 0 10.4707 0  \
  10.4954 0 10.4915 0 34.229 0 17.8078 0 34.5397 0  \
  18.3632 0 32.4734 0 19.5736 0 32.037 0 19.7854 0  \
  32.3525 0 18.1342 0 31.5494 0 17.3589 0 30.1532 0  \
  18.6152 0 23.1923 0 13.7955 0 11.1918 0 10.4747 0  \
  22.7642 0 15.7487 0 18.6774 0 15.4972 0 15.3721 0  \
  17.1276 0 16.2659 0 20.7602 0 21.2763 0 14.8466 0  \
  21.6433 0 10.4944 0 10.4963 0 10.495 0 10.493 0  \
  10.4926 0 10.4945 0 10.4931 0 10.4904 0 10.4961 0  \
  11.0787 0 10.4894 0 25.1891 0 10.4863 0 10.4858 0  \
  10.4747 0 22.6397 0 18.8629 0 11.0218 0 10.4894 0  \
  10.491 0 10.491 0 10.493 0 10.4995 0 10.4875 0  \
  11.0456 0 11.3574 0 22.9719 0 
mwpc2PadXNumberPar:  Int_t  128 
mwpc2PadYNumberPar:  Int_t  40 
mwpc2ParamsFitPar:  Int_t  2 
##############################################################################
##############################################################################
# Class:   mwpc3CalPar
# Context: mwpc3CalParContext
##############################################################################
[mwpc3CalPar]
//----------------------------------------------------------------------------
mwpc3CalPar:  Float_t				\
171.309 0 37.7471 0 30.9135 0 46.4598 0 30.8392 0  \
  47.4894 0 30.8881 0 46.4565 0 32.2521 0 46.9132 0  \
  31.1217 0 47.6978 0 30.9167 0 47.6607 0 30.935 0  \
  49.246 0 33.9957 0 60.5505 0 58.675 0 33.8336 0  \
  32.2801 0 30.9045 0 30.8614 0 57.7346 0 33.8336 0  \
  31.4644 0 30.9074 0 30.8614 0 30.996 0 34.4436 0  \
  30.9961 0 35.8686 0 30.9064 0 30.9386 0 30.9827 0  \
  31.3843 0 30.968 0 31.6879 0 30.9586 0 30.9453 0  \
  30.9835 0 30.9486 0 30.9332 0 30.9445 0 31.7747 0  \
  30.9428 0 31.8062 0 30.9465 0 30.9307 0 30.98 0  \
  30.9539 0 30.9848 0 30.959 0 30.9705 0 31.3083 0  \
  30.9909 0 31.4704 0 30.9821 0 30.9908 0 30.9865 0  \
  31.4773 0 32.0887 0 30.9906 0 30.9675 0 30.9565 0  \
  30.9756 0 30.9697 0 36.7513 0 30.9698 0 37.7549 0  \
  30.9733 0 37.2204 0 30.9944 0 38.859 0 30.9549 0  \
  37.4087 0 30.9625 0 38.6965 0 30.9574 0 39.6912 0  \
  30.9892 0 32.2538 0 30.9893 0 30.9941 0 30.9876 0  \
  30.9892 0 31.4631 0 30.972 0 30.9771 0 31.6307 0  \
  30.9835 0 30.972 0 30.9698 0 30.9742 0 30.9801 0  \
  30.9916 0 30.9604 0 40.3316 0 30.9585 0 41.6384 0  \
  30.9615 0 41.2941 0 30.9703 0 38.5742 0 30.9622 0  \
  39.7731 0 30.9664 0 39.8613 0 30.9702 0 39.1332 0  \
  30.9838 0 35.1789 0 30.9845 0 30.9927 0 30.9737 0  \
  30.9929 0 30.9712 0 30.9914 0 30.9831 0 30.9951 0  \
  30.9712 0 30.9933 0 30.9791 0 30.9934 0 30.9687 0  \
  30.9887 0 30.9856 0 30.987 0 30.9685 0 30.9726 0  \
  30.9704 0 32.9415 0 30.9695 0 32.8326 0 30.9724 0  \
  33.6061 0 30.9681 0 32.2142 0 30.9687 0 34.2284 0  \
  30.9691 0 34.332 0 30.9666 0 34.7637 0 30.9872 0  \
  30.988 0 30.9846 0 30.9959 0 30.986 0 30.9878 0  \
  30.9865 0 30.9896 0 30.9932 0 30.9838 0 30.9939 0  \
  30.992 0 30.9864 0 30.9856 0 31.5855 0 31.5468 0  \
  30.9516 0 30.9242 0 30.9485 0 30.9829 0 30.9577 0  \
  30.9936 0 30.9794 0 30.9467 0 30.9554 0 30.936 0  \
  30.9518 0 30.9279 0 30.9326 0 30.9406 0 30.9648 0  \
  30.995 0 31.3396 0 30.9293 0 31.286 0 31.6388 0  \
  30.9835 0 31.519 0 31.6152 0 31.6923 0 30.9529 0  \
  32.3062 0 30.9961 0 30.9521 0 32.6661 0 30.9522 0  \
  30.9239 0 31.9214 0 31.5755 0 30.9745 0 30.9734 0  \
  30.9585 0 31.2878 0 30.9357 0 31.487 0 30.9434 0  \
  30.994 0 30.9312 0 30.9685 0 30.9422 0 30.9665 0  \
  30.9389 0 30.9841 0 30.9422 0 30.9482 0 30.9961 0  \
  31.7308 0 30.9322 0 31.6618 0 30.9808 0 31.5106 0  \
  31.6057 0 30.9961 0 30.9575 0 31.1415 0 30.931 0  \
  30.9961 0 30.9268 0 30.9961 0 30.9419 0 30.9646 0  \
  30.9523 0 31.7814 0 30.9834 0 30.9808 0 30.9814 0  \
  31.535 0 30.9472 0 30.9346 0 30.9356 0 31.3218 0  \
  30.9404 0 30.9961 0 30.947 0 32.5941 0 30.9609 0  \
  31.7095 0 30.8356 0 31.4967 0 30.9961 0 30.9074 0  \
  30.9961 0 30.931 0 30.9961 0 30.9961 0 31.3145 0  \
  30.9575 0 32.2761 0 31.5351 0 30.8837 0 30.9961 0  \
  30.895 0 30.8824 0 30.9556 0 31.3443 0 38.8465 0  \
  30.9822 0 37.6579 0 30.9473 0 39.6462 0 31.3923 0  \
  39.6396 0 31.5422 0 39.66 0 30.9268 0 38.8059 0  \
  30.9961 0 43.5133 0 30.9646 0 30.9808 0 30.9187 0  \
  31.4959 0 31.6391 0 32.6363 0 30.9878 0 32.4221 0  \
  30.9812 0 30.9664 0 31.8366 0 32.6428 0 30.9569 0  \
  30.9911 0 30.9656 0 30.9961 0 40.9678 0 40.9724 0  \
  41.5897 0 41.5465 0 40.9805 0 41.6554 0 40.9756 0  \
  40.988 0 40.9723 0 40.9916 0 40.9686 0 40.9757 0  \
  41.7072 0 40.9782 0 40.9747 0 41.6195 0 40.9949 0  \
  40.9845 0 40.9537 0 40.9472 0 40.9887 0 40.9508 0  \
  40.9743 0 40.9773 0 40.9802 0 40.9777 0 41.5658 0  \
  40.9649 0 40.9815 0 40.9802 0 40.971 0 40.9524 0  \
  40.9867 0 40.9655 0 40.9769 0 40.9702 0 40.975 0  \
  40.97 0 40.9945 0 40.9845 0 40.981 0 40.9855 0  \
  40.9844 0 40.98 0 41.6601 0 41.677 0 40.9934 0  \
  41.6418 0 42.2304 0 41.6296 0 41.6704 0 40.9947 0  \
  40.9926 0 42.1967 0 40.9856 0 42.201 0 40.9893 0  \
  40.9927 0 42.2112 0 42.3501 0 40.9758 0 40.98 0  \
  40.9728 0 40.9577 0 40.9689 0 40.9439 0 40.9691 0  \
  40.9656 0 40.9634 0 40.9653 0 40.9612 0 40.9565 0  \
  40.9489 0 40.9889 0 40.9734 0 40.9717 0 40.9894 0  \
  40.9645 0 41.5543 0 42.6617 0 40.9812 0 40.9773 0  \
  42.2369 0 40.9813 0 40.9682 0 41.6331 0 40.9822 0  \
  40.991 0 40.9766 0 40.9757 0 40.9793 0 40.9836 0  \
  40.9949 0 40.9773 0 40.9894 0 40.9359 0 40.9864 0  \
  40.9352 0 40.9806 0 40.9442 0 40.9794 0 40.9556 0  \
  41.6489 0 41.8163 0 40.9779 0 41.5274 0 40.9783 0  \
  40.944 0 40.9824 0 40.9828 0 40.9812 0 40.9831 0  \
  40.9835 0 41.6934 0 41.4958 0 40.9743 0 41.8605 0  \
  40.9411 0 40.9458 0 40.9831 0 
mwpc3PadXNumberPar:  Int_t  288 
mwpc3PadYNumberPar:  Int_t  120 
mwpc3ParamsFitPar:  Int_t  2 
##############################################################################
