##############################################################################
# Class:   soffragmentAnaPar
# Context: SofFragmentParContext
##############################################################################
[soffragmentAnaPar]
//----------------------------------------------------------------------------
NumTofWPaddle:  Int_t  28 
tofwInUsePar:  Int_t \
  1 1 1 1 1 1 1 1 1 1  \
  1 1 1 1 1 1 1 1 1 1  \
  1 1 1 1 1 1 1 0 
tofwOffset:  Float_t \
  -1.39926 -1.35317 -1.30707 -1.26098 -1.21489 -1.16879 -1.1227 -1.07661 -1.03052 -0.984423  \
  -0.93833 -0.892238 -0.846145 -0.800052 -0.753959 -0.707866 -0.661774 -0.615681 -0.569588 -0.523495  \
  -0.477402 -0.431309 -0.385217 -0.339124 -0.293031 -0.246938 -0.200845 0 
tofwEffectiveLength:  Float_t \
  32.4706 32.4831 32.4957 32.5082 32.5207 32.5333 32.5458 32.5583 32.5708 32.5834  \
  32.5959 32.6084 32.621 32.6335 32.646 32.6586 32.6711 32.6836 32.6961 32.7087  \
  32.7212 32.7337 32.7463 32.7588 32.7713 32.7839 32.7964 0 
NumBrhoParam:  Int_t  4 
BrhoParameter:  Float_t \
  5.87397 -0.004618 -27.968 0.0050757 
