##############################################################################
# Class:   soffragmentAnaPar
# Context: SofFragmentParContext
##############################################################################
[soffragmentAnaPar]
//----------------------------------------------------------------------------
NumTofWPaddle:  Int_t  28 
tofwInUsePar:  Int_t \
  1 1 1 1 1 1 1 1 1 1  \
  1 1 1 1 1 1 1 1 1 1  \
  1 1 1 1 1 1 1 0 
tofwOffset:  Float_t \
  -1.62449 -1.6182 -1.61191 -1.60562 -1.59933 -1.59303 -1.58674 -1.58045 -1.57416 -1.56787  \
  -1.56158 -1.55529 -1.54899 -1.5427 -1.53641 -1.53012 -1.52383 -1.51754 -1.51124 -1.50495  \
  -1.49866 -1.49237 -1.48608 -1.47979 -1.47349 -1.4672 -1.46091 0 
tofwEffectiveLength:  Float_t \
  32.3135 32.2856 32.2577 32.2298 32.2019 32.174 32.1461 32.1182 32.0903 32.0624  \
  32.0345 32.0066 31.9787 31.9508 31.9229 31.895 31.8671 31.8392 31.8113 31.7834  \
  31.7554 31.7275 31.6996 31.6717 31.6438 31.6159 31.588 0 
NumBrhoParam:  Int_t  4 
BrhoParameter:  Float_t \
  5.87397 -0.004618 -27.968 0.0050757 
