##############################################################################
# Class:   soffragmentAnaPar
# Context: SofFragmentParContext
##############################################################################
[soffragmentAnaPar]
//----------------------------------------------------------------------------
NumTofWPaddle:  Int_t  28 
tofwInUsePar:  Int_t \
  1 1 1 1 1 1 1 1 1 1  \
  1 1 1 1 1 1 1 1 1 1  \
  1 1 1 1 1 1 1 0 
tofwOffset:  Float_t \
  4.5592 4.21365 3.8681 3.52255 3.177 2.83144 2.48589 2.14034 1.79479 1.44924  \
  1.10369 0.758141 0.412591 0.0670402 -0.27851 -0.624061 -0.969612 -1.31516 -1.66071 -2.00626  \
  -2.35181 -2.69736 -3.04292 -3.38847 -3.73402 -4.07957 -4.42512 0 
tofwEffectiveLength:  Float_t \
  36.7951 36.5399 36.2847 36.0296 35.7744 35.5192 35.264 35.0088 34.7536 34.4984  \
  34.2432 33.9881 33.7329 33.4777 33.2225 32.9673 32.7121 32.4569 32.2017 31.9466  \
  31.6914 31.4362 31.181 30.9258 30.6706 30.4154 30.1602 0 
NumBrhoParam:  Int_t  4 
BrhoParameter:  Float_t \
  5.87397 -0.004618 -27.968 0.0050757 
