##############################################################################
# Class:   soffragmentAnaPar
# Context: SofFragmentParContext
##############################################################################
[soffragmentAnaPar]
//----------------------------------------------------------------------------
NumTofWPaddle:  Int_t  28 
tofwInUsePar:  Int_t \
  1 1 1 1 1 1 1 1 1 1  \
  1 1 1 1 1 1 1 1 1 1  \
  1 1 1 1 1 1 1 0 
tofwOffset:  Float_t \
  -8.40372 -7.45168 -6.49964 -5.54759 -4.59555 -3.64351 -2.69146 -1.73942 -0.787374 0.16467  \
  1.11671 2.06876 3.0208 3.97285 4.92489 5.87693 6.82898 7.78102 8.73307 9.68511  \
  10.6372 11.5892 12.5412 13.4933 14.4453 15.3974 16.3494 0 
tofwEffectiveLength:  Float_t \
  27.5673 28.2269 28.8865 29.546 30.2056 30.8651 31.5247 32.1842 32.8438 33.5034  \
  34.1629 34.8225 35.482 36.1416 36.8011 37.4607 38.1203 38.7798 39.4394 40.0989  \
  40.7585 41.418 42.0776 42.7372 43.3967 44.0563 44.7158 0 
NumBrhoParam:  Int_t  4 
BrhoParameter:  Float_t \
  5.87397 -0.004618 -27.968 0.0050757 
