##############################################################################
# Class:   soffragmentAnaPar
# Context: SofFragmentParContext
##############################################################################
[soffragmentAnaPar]
//----------------------------------------------------------------------------
NumTofWPaddle:  Int_t  28 
tofwInUsePar:  Int_t \
  1 1 1 1 1 1 1 1 1 1  \
  1 1 1 1 1 1 1 1 1 1  \
  1 1 1 1 1 1 1 0 
tofwOffset:  Float_t \
  0.916616 0.793749 0.670881 0.548014 0.425146 0.302278 0.17941 0.0565428 -0.0663249 -0.189193  \
  -0.31206 -0.434928 -0.557796 -0.680663 -0.803531 -0.926399 -1.04927 -1.17213 -1.295 -1.41787  \
  -1.54074 -1.6636 -1.78647 -1.90934 -2.03221 -2.15508 -2.27794 0 
tofwEffectiveLength:  Float_t \
  34.0692 33.9671 33.865 33.7629 33.6607 33.5586 33.4565 33.3544 33.2523 33.1502  \
  33.0481 32.946 32.8438 32.7417 32.6396 32.5375 32.4354 32.3333 32.2312 32.1291  \
  32.0269 31.9248 31.8227 31.7206 31.6185 31.5164 31.4143 0 
NumBrhoParam:  Int_t  4 
BrhoParameter:  Float_t \
  5.87397 -0.004618 -27.968 0.0050757 
