##############################################################################
# Class:   soffragmentAnaPar
# Context: SofFragmentParContext
##############################################################################
[soffragmentAnaPar]
//----------------------------------------------------------------------------
NumTofWPaddle:  Int_t  28 
tofwInUsePar:  Int_t \
  1 1 1 1 1 1 1 1 1 1  \
  1 1 1 1 1 1 1 1 1 1  \
  1 1 1 1 1 1 1 0 
tofwOffset:  Float_t \
  4.42838 4.09962 3.77085 3.44209 3.11333 2.78456 2.4558 2.12704 1.79827 1.46951  \
  1.14074 0.81198 0.483216 0.154452 -0.174312 -0.503076 -0.83184 -1.1606 -1.48937 -1.81813  \
  -2.1469 -2.47566 -2.80442 -3.13319 -3.46195 -3.79071 -4.11948 0 
tofwEffectiveLength:  Float_t \
  36.8638 36.6063 36.3489 36.0915 35.834 35.5766 35.3192 35.0617 34.8043 34.5469  \
  34.2894 34.032 33.7746 33.5171 33.2597 33.0023 32.7448 32.4874 32.2299 31.9725  \
  31.7151 31.4576 31.2002 30.9428 30.6853 30.4279 30.1705 0 
NumBrhoParam:  Int_t  4 
BrhoParameter:  Float_t \
  5.87397 -0.004618 -27.968 0.0050757 
