##############################################################################
# Class:   soffragmentAnaPar
# Context: SofFragmentParContext
##############################################################################
[soffragmentAnaPar]
//----------------------------------------------------------------------------
NumTofWPaddle:  Int_t  28 
tofwInUsePar:  Int_t \
  1 1 1 1 1 1 1 1 1 1  \
  1 1 1 1 1 1 1 1 1 1  \
  1 1 1 1 1 1 1 0 
tofwOffset:  Float_t \
  -6.97285 -6.66658 -6.3603 -6.05402 -5.74774 -5.44146 -5.13518 -4.8289 -4.52262 -4.21634  \
  -3.91006 -3.60379 -3.29751 -2.99123 -2.68495 -2.37867 -2.07239 -1.76611 -1.45983 -1.15355  \
  -0.847274 -0.540995 -0.234715 0.0715636 0.377843 0.684122 0.990401 0 
tofwEffectiveLength:  Float_t \
  28.3394 28.541 28.7427 28.9443 29.146 29.3476 29.5493 29.7509 29.9526 30.1542  \
  30.3559 30.5576 30.7592 30.9609 31.1625 31.3642 31.5658 31.7675 31.9691 32.1708  \
  32.3725 32.5741 32.7758 32.9774 33.1791 33.3807 33.5824 0 
NumBrhoParam:  Int_t  4 
BrhoParameter:  Float_t \
  8.00154 -0.00261917 -51.9007 0.00851707 
