##############################################################################
# Class:   soffragmentAnaPar
# Context: SofFragmentParContext
##############################################################################
[soffragmentAnaPar]
//----------------------------------------------------------------------------
NumTofWPaddle:  Int_t  28 
tofwInUsePar:  Int_t \
  1 1 1 1 1 1 1 1 1 1  \
  1 1 1 1 1 1 1 1 1 1  \
  1 1 1 1 1 1 1 0 
tofwOffset:  Float_t \
  15.2184 13.9562 12.6939 11.4316 10.1694 8.9071 7.64483 6.38256 5.12029 3.85802  \
  2.59575 1.33348 0.0712107 -1.19106 -2.45333 -3.7156 -4.97787 -6.24014 -7.50241 -8.76468  \
  -10.0269 -11.2892 -12.5515 -13.8138 -15.076 -16.3383 -17.6006 0 
tofwEffectiveLength:  Float_t \
  45.5928 44.5802 43.5676 42.555 41.5424 40.5298 39.5172 38.5046 37.492 36.4793  \
  35.4667 34.4541 33.4415 32.4289 31.4163 30.4037 29.3911 28.3785 27.3659 26.3533  \
  25.3407 24.3281 23.3155 22.3029 21.2903 20.2777 19.2651 0 
NumBrhoParam:  Int_t  4 
BrhoParameter:  Float_t \
  8.00154 -0.00261917 -51.9007 0.00851707 
