##############################################################################
# Class:   soffragmentAnaPar
# Context: SofFragmentParContext
##############################################################################
[soffragmentAnaPar]
//----------------------------------------------------------------------------
NumTofWPaddle:  Int_t  28 
tofwInUsePar:  Int_t \
  1 1 1 1 1 1 1 1 1 1  \
  1 1 1 1 1 1 1 1 1 1  \
  1 1 1 1 1 1 1 0 
tofwOffset:  Float_t \
  -0.169366 -0.267824 -0.366283 -0.464741 -0.563199 -0.661658 -0.760116 -0.858574 -0.957033 -1.05549  \
  -1.15395 -1.25241 -1.35087 -1.44932 -1.54778 -1.64624 -1.7447 -1.84316 -1.94162 -2.04007  \
  -2.13853 -2.23699 -2.33545 -2.43391 -2.53237 -2.63082 -2.72928 0 
tofwEffectiveLength:  Float_t \
  33.5259 33.4214 33.317 33.2125 33.108 33.0036 32.8991 32.7946 32.6902 32.5857  \
  32.4812 32.3768 32.2723 32.1678 32.0633 31.9589 31.8544 31.7499 31.6455 31.541  \
  31.4365 31.3321 31.2276 31.1231 31.0187 30.9142 30.8097 0 
NumBrhoParam:  Int_t  4 
BrhoParameter:  Float_t \
  8.00154 -0.00261917 -51.9007 0.00851707 
